0 1 2 3
1 4 5 6
2 7 8 9
3 10 11 12
4 13 14 15
5 16 17 18
6 19 20 21
7 22 23 24
8 25 26 27
9 28 29 30
10 31 32 33
11 34 35 8
12 4 5 6
13 4 36 37
14 28 38 39
15 40 41 42
16 22 23 24
17 4 43 44
18 45 46 47
19 48 49 50
20 51 52 53
21 54 55 56
22 48 49 50
23 57 58 59
24 60 61 62
25 63 64
26 23 24 65
27 66 67 68
28 69 70 71
29 72 73 8
30 16 17 18
31 23 74 75
32 4 25 76
33 77 78 79
34 80 81 82
35 83 84 85
36 86 87 78
37 88 89 17
38 51 52 90
39 91 92 93
40 94 61 95
41 96 97 98
42 99 100 101
43 11 69 102
44 103 104 105
45 106 107 108
46 109 40 77
47 110 111 112
48 113 114 115
49 63 116 117
50 118 119 120
51 121 122 123
52 83 124 84
53 125 126 127
54 128 129 130
55 131 100 132
56 133 134 135
57 100 136 137
58 138 139 140
59 141 142 143
60 144 145 146
61 147 89 148
62 7 67 149
63 127 150 151
64 109 152 153
65 11 154 155
66 100 156 157
67 158 159 160
68 23 91 74
69 161 57 126
70 45 162 163
71 164 165 166
72 45 167 168
73 169 155 170
74 171 172 173
75 174 175 176
76 12 177 178
77 158 179 180
78 24 181 182
79 23 24 74
80 22 183 43
81 184 185 186
82 146 70 187
83 188 189 190
84 191 192 193
85 24 65 194
86 195 196 197
87 70 198 199
88 200 201 202
89 203 204 205
90 99 206 207
91 208 209 210
92 211 212 213
93 214 21
94 215 105 216
95 217 76 218
96 63 10 12
97 219 220 221
98 48 49 50
99 104 105 222
100 107 223 224
101 109 152 141
102 109 225 226
103 227 228 229
104 169 230 231
105 4 25 76
106 232 233 234
107 235 236 237
108 16 238 239
109 240 151 241
110 242 243 244
111 245 246 84
112 247 184 248
113 249 26 250
114 249 26 27
115 45 251 113
116 45 252 253
117 4 57 254
118 255 100 256
119 11 66 155
120 257 258 259
121 260 261 262
122 77 96 263
123 264 265
124 266 267 268
125 22 269 247
126 10 251 270
127 99 271 272
128 22 269 247
129 161 273 274
130 275 276 277
131 66 278 279
132 4 161 57
133 171 280 281
134 247 282 283
135 284 285 286
136 184 146 287
137 288 289 290
138 225 171 113
139 147 291 292
140 293 294 295
141 77 64 296
142 77 297 298
143 299 300 301
144 107 5 302
145 258 303 259
146 304 305 306
147 307 308 309
148 310 80 311
149 45 312 286
150 144 247 313
151 16 184 314
152 171 280 315
153 77 316 317
154 318 319 320
155 171 321 322
156 11 323 324
157 22 325 111
158 16 17 18
159 211 216 212
160 211 326 327
161 328 329 330
162 331 332 333
163 164 334 335
164 336 337
165 147 338 326
166 217 159 156
167 80 339 340
168 65 235 194
169 305 341 342
170 343 344 345
171 249 183 346
172 260 107 102
173 299 347 55
174 348 349 350
175 351 352 353
176 63 10 354
177 96 355 356
178 4 126 357
179 110 358 359
180 360 278 72
181 184 314 294
182 70 194 361
183 109 226 362
184 363 364 365
185 171 366 367
186 45 368 369
187 162 370 371
188 184 231 372
189 247 373 374
190 375 376 377
191 26 146 27
192 264 327 378
193 45 270 83
194 379 380 381
195 27 382 383
196 260 261 262
197 16 107 384
198 26 250 385
199 96 91 386
200 4 5 6
201 27 375
202 109 225 226
203 99 387
204 388 389 390
205 77 391 392
206 104 105 338
207 23 113 393
208 66 223 394
209 395 396
210 377 397 398
211 280 399 400
212 401 208
213 402 403 404
214 118 177 209
215 171 405 330
216 406 407 408
217 65 409 231
218 410 353 411
219 227 412 413
220 360 414 415
221 416 257 417
222 152 251 281
223 418 19 419
224 360 185 252
225 105 394 420
226 146 421 422
227 423 424 425
228 426 427 428
229 171 429 369
230 155 171 430
231 269 57 431
232 269 57 431
233 80 100 432
234 77 433 434
235 269 66 435
236 96 51 227
237 436 437 438
238 227 439 440
239 22 43 251
240 441 442 443
241 444 445 446
242 447 448 138
243 449 441 19
244 450 451 452
245 260 261 262
246 338 409 453
247 454 305 455
248 154 456 37
249 107 457 458
250 107 184 459
251 64 460 461
252 63 462 463
253 464 465 466
254 7 37 467
255 468 469 470
256 58 471 347
257 472 473 474
258 80 475 476
259 60 460 270
260 77 477 478
261 479 480 481
262 482 97 483
263 125 484
264 310 485 486
265 57 5 487
266 127 262 488
267 45 258 329
268 82 489 490
269 45 111 491
270 66 5 492
271 493 418 494
272 285 495 496
273 360 497 498
274 24 80 216
275 499 500 182
276 227 184 501
277 216 502 503
278 171 504 505
279 26 27 373
280 58 506 507
281 192 508 509
282 329 510 511
283 4 11 44
284 512 513 514
285 515 516 517
286 512 85 518
287 519 520 521
288 338 384 522
289 523 432 524
290 63 7 415
291 416 525 526
292 527 528 529
293 103 530 310
294 227 531 532
295 216 533 534
296 535 536 537
297 226 538 539
298 4 184 540
299 1 541 542
300 63 216 543
301 63 217 74
302 401 544 545
303 546 547 548
304 99 549 127
305 421 330 550
306 463 551 552
307 338 540 553
308 12 303 554
309 384 555 556
310 103 530 125
311 126 278 156
312 557 558 559
313 22 560 561
314 312 562 563
315 360 564 565
316 566 567 568
317 569 570 571
318 338 165 572
319 63 66 127
320 11 573 574
321 91 575 576
322 577 284 578
323 409 328 114
324 384 579
325 580 310 146
326 581 582 583
327 584 585 586
328 40 266 587
329 194 588 279
330 589 590 143
331 591 357 19
332 5 487 592
333 57 5 487
334 91 216 593
335 184 173 594
336 4 155 122
337 595 596 597
338 17 598 81
339 303 599 600
340 310 601 602
341 177 429 369
342 603 604 605
343 606 33 607
344 374 312 262
345 45 286 608
346 99 100 314
347 512 312 609
348 610 611 612
349 125 613 614
350 615 556 616
351 617 618 619
352 462 620 621
353 181 622 623
354 63 360 126
355 339 624 625
356 23 262 626
357 144 627 628
358 310 629 630
359 23 113 631
360 155 271 484
361 325 632 633
362 634 635 636
363 171 37 61
364 637 638 639
365 40 637 266
366 640 55 641
367 642 643 644
368 217 645 646
369 647 648 621
370 649 650 651
371 374 652 626
372 211 184 216
373 26 155 653
374 654 655 656
375 107 657 658
376 75 502 659
377 76 660 661
378 260 141 318
379 75 662 663
380 125 107 664
381 66 665 666
382 667 244 668
383 669 670 671
384 672 418 673
385 91 674 246
386 225 675 676
387 99 677 678
388 260 77 679
389 360 680 681
390 125 146 682
391 107 257 683
392 580 374 5
393 80 637 577
394 684 685 686
395 687 688 689
396 512 96 328
397 409 233 690
398 284 691 210
399 64 540
400 45 546 692
401 693 694 695
402 696 360 107
403 74 697 698
404 64 460 461
405 699 700 701
406 338 312 114
407 702 703 600
408 704 244
409 705 706 707
410 127 708 709
411 247 107 291
412 710 711 712
413 713 714 715
414 457 418 442
415 716 717 718
416 83 719 720
417 721 722 723
418 724 725 726
419 727 728
420 637 729 730
421 731 732 733
422 203 82 734
423 183 431 735
424 736 737 738
425 23 118 739
426 501 740 321
427 155 170 366
428 103 530 164
429 171 59 741
430 109 226 742
431 215 743
432 401 454 744
433 310 170 535
434 516 745 746
435 80 457 285
436 155 74 501
437 310 247 747
438 637 748 749
439 158 636 750
440 80 637 577
441 181 338 76
442 191 74 751
443 63 752
444 74 501 753
445 127 754 755
446 227 1 680
447 637 756 757
448 99 758 759
449 637 760 639
450 761 762 763
451 80 764 765
452 312 766 767
453 225 269 121
454 512 89 146
455 260 768 769
456 66 770 771
457 181 314 772
458 773 774 775
459 191 195 776
460 457 777 778
461 107 374 779
462 125 662 371
463 232 780 781
464 360 782 783
465 312 784 785
466 146 55 786
467 512 787 788
468 741 657
469 80 637 789
470 790 791 792
471 793 794 795
472 54 796 797
473 251 798 799
474 77 75 328
475 800 801 802
476 260 803 804
477 637 577 805
478 360 154 376
479 269 303 354
480 806 807 808
481 247 809 810
482 310 811 812
483 111 813 814
484 530 815 816
485 817 818 819
486 820 655 821
487 165 822 823
488 824 825 826
489 104 211 766
490 593 827 828
491 829 679 830
492 105 831 832
493 833 834 835
494 836 837 838
495 839 840
496 598 658 841
497 842 843 844
498 829 845 210
499 284 418 846
500 226 338 583
501 615 317 847
502 225 247 848
503 16 815 347
504 696 637 849
505 104 601 850
506 91 17 218
507 773 851 852
508 519 255 853
509 262 854 855
510 223 856 377
511 170 857 262
512 45 456 858
513 859 860 861
514 258 259 359
515 121 862 863
516 77 864 391
517 184 155 102
518 227 865 866
519 617 867 868
520 637 869 870
521 871 872 873
522 343 874 875
523 284 544 234
524 155 102 876
525 80 637 162
526 99 491 877
527 809 878 879
528 75 880 881
529 882 399 324
530 225 99 883
531 519 884 184
532 885 886 496
533 887 888 889
534 338 890 545
535 271 891 35
536 310 645 601
537 892 366 535
538 28 116 893
539 637 894 895
540 80 576 535
541 310 896 897
542 224 898 899
543 163 900 901
544 28 902 903
545 169 310 904
546 360 255 418
547 125 111 905
548 502 906 745
549 38 907 908
550 165 909 910
551 177 377 614
552 144 310 876
553 170 195 262
554 195 421 399
555 227 911 912
556 913 914 915
557 40 266 916
558 217 126 917
559 637 514 918
560 242 919 920
561 384 784 921
562 922 494 923
563 924 925 926
564 118 927 928
565 855 929 930
566 931 732 932
567 530 508 933
568 934 935 936
569 69 70 55
570 141 922 937
571 938 939 940
572 234 941 942
573 100 943 944
574 457 38 945
575 105 946 947
576 948 949 206
577 770 156 334
578 152 107 7
579 260 457 699
580 310 950 951
581 280 952 622
582 953 954 955
583 171 507 173
584 69 956 957
585 653 305 958
586 158 959 636
587 195 429 960
588 211 155 961
589 962 963 964
590 441 779 85
591 80 965 72
592 966 967 968
593 969 110 113
594 181 360 957
595 865 970 407
596 33 845
597 235 971 972
598 512 310 973
599 28 254 974
600 107 244 975
601 147 402 976
602 247 977 978
603 338 979 980
604 921 981 982
605 460 983 984
606 985 986 987
607 310 601 988
608 103 519 324
609 622 960 744
610 989 984 990
611 155 991 562
612 992 993 966
613 994 141 995
614 22 996 997
615 184 998 163
616 999 1000 1001
617 530 1002 1003
618 1004 1005 1006
619 155 670 1007
620 249 183 716
621 519 32 1008
622 170 857 203
623 1009 1010 1011
624 66 155 736
625 1012 1013 1014
626 255 3 95
627 1015 123
628 696 286 545
629 1016 202 1017
630 63 1018 1019
631 170 386 111
632 540 235 560
633 311 1020 1021
634 945 1022 1023
635 931 1024 932
636 145 298 1025
637 99 105 360
638 261 235 85
639 70 1026 885
640 627 357 617
641 155 246 1027
642 12 732 670
643 191 1028
644 99 1029 1030
645 1031 1032 1033
646 77 148 76
647 99 1034 765
648 384 462
649 247 1035 1036
650 23 514 1037
651 1038 1039 1040
652 1041 1042 1043
653 530 1044 1045
654 156 1046 408
655 310 1047 1048
656 227 1049 531
657 457 18 1050
658 638 290
659 171 1051 1052
660 1053 787 1054
661 45 620 1055
662 10 1056 1057
663 96 1058 318
664 1059 1060 667
665 1061 1062
666 580 812 86
667 103 856 680
668 1063 1064 1065
669 1066 654 1067
670 183 226 1068
671 107 1069
672 217 1070 927
673 223 50 1071
674 310 432 673
675 740 1072 860
676 1073 1074 614
677 242 192 627
678 12 310 58
679 125 59 1075
680 876 1076 1077
681 1078 1079 1080
682 385 1081 1082
683 227 251 1083
684 314 859 1084
685 177 535 1085
686 125 1086 710
687 1087 1088 1089
688 493 1090 1091
689 217 61 1092
690 1093 1046 528
691 232 1094 385
692 577 866 1095
693 1096 758 430
694 384 158 576
695 921 1097 1098
696 211 152 1099
697 519 520 521
698 1100 1101 1102
699 99 932 595
700 1103 1104 1105
701 535 136 371
702 1106 209 1107
703 360 1108 1109
704 875 455 719
705 1048 1110 1111
706 664 440 1112
707 303 1113 1114
708 1115 1026 137
709 512 1116 1117
710 1118 1097 1119
711 103 251 1120
712 787 1121 139
713 530 1122 1123
714 74 583 1124
715 171 501 562
716 346 1125 1126
717 1127 770 1128
718 17 457 332
719 227 75 613
720 310 155 1129
721 696 177 622
722 24 59 1130
723 171 258 545
724 338 773 592
725 1131 1049 1132
726 171 501 598
727 622 740 1133
728 360 1134
729 508 1135 1136
730 941 1137 1138
731 575 675 1139
732 512 961 34
733 23 2 583
734 355 756
735 995 1140 1141
736 1142 1014 738
737 501 1030 1052
738 716 187 1143
739 16 310 1144
740 507 329 236
741 94 1145 710
742 373 284 33
743 1146 1147 1148
744 1094 545 1149
745 1150 1151
746 1152 298 1153
747 109 519 215
748 211 961 1154
749 1155 554 710
750 1156 1157 1158
751 1159 1083 1160
752 627 1161 1145
753 155 384 1162
754 1163 273 1164
755 11 211 217
756 1165 997 1166
757 92 141 1167
758 360 155 1168
759 144 39 1169
760 457 37 1170
761 1171 1172 1173
762 1174 1175 1176
763 338 146 464
764 10 962 963
765 259 1177 1178
766 1041 1179 408
767 1180 126 1170
768 1181 1182 1183
769 519 1184
770 519 696 1002
771 310 1029 1185
772 23 357 643
773 360 45 251
774 225 575 674
775 181 773 1186
776 1187 265 1188
777 1189 1190 1191
778 107 1192 1193
779 906 628 1030
780 329 1194 292
781 24 1195 911
782 17 81 1196
783 122 156 1197
784 1198 1199 1200
785 1201 55 1202
786 48 1203 1
787 429 1204 1205
788 405 1206 1207
789 217 829 402
790 165 44 1208
791 24 243 1209
792 4 1210 1211
793 103 1212 1213
794 184 521 440
795 704 1214 1215
796 17 1216 1217
797 96 1218 1219
798 489 1220
799 215 1221 1222
800 1223 1224 1225
801 1226 1227 1228
802 576 507 1229
803 1230 54 442
804 530 1231 1232
805 1233 1234 1235
806 346 637 577
807 876 1236 1237
808 266 1238 1239
809 580 812 1240
810 598 1241 1242
811 581 583 1243
812 191 696 251
813 637 1244 615
814 177 1245 1246
815 162 75 1247
816 227 1248 1249
817 11 1250 1251
818 1252 1253 1254
819 105 19 1156
820 338 1255 1256
821 99 1257
822 636 1258 1259
823 519 520 521
824 11 584 1260
825 32 1261 1157
826 258 432 765
827 45 740 641
828 165 202 1262
829 1263 1264 136
830 99 1265 1266
831 89 17 170
832 233 1267 1184
833 512 161 1268
834 699 463 1269
835 512 815 1270
836 45 1271 1272
837 1273 1197 1274
838 416 1275 524
839 227 231 1152
840 1276 208
841 23 557
842 1277 1278 1279
843 208 1280 1256
844 530 1281 1282
845 310 693 1085
846 1167 1283 1284
847 141 329 1285
848 1286 1287 1007
849 164 1288 674
850 158 1289 294
851 1290 1291 1292
852 1293 1294 1295
853 519 664 1296
854 37 592 1297
855 132 1298 1299
856 615 1300 671
857 502 1301 1302
858 247 1061
859 360 1303
860 384 1061 1037
861 162 1304 248
862 184 876 1152
863 191 155 84
864 519 1271 1305
865 211 991 1306
866 148 421 369
867 251 1144
868 1307 1308 1309
869 945 1310 932
870 357 395 860
871 299 1311 1312
872 87 1196 1313
873 1100 1314 1315
874 1316 1317 1318
875 1319 1320 1321
876 530 1322 1290
877 1323 61 377
878 45 312 1324
879 530 1325 1326
880 696 94 909
881 5 18 70
882 1261 1157 1327
883 1328 1329 1330
884 64 247 84
885 11 523 1048
886 18 78 1331
887 127 1332 330
888 80 521 1333
889 4 110 462
890 104 198 143
891 211 784 876
892 1334 312 430
893 285 1335 1336
894 23 501 1337
895 63 99 242
896 422 809 1338
897 74 318 1339
898 145 693 132
899 215 346 76
900 1340 1341 1169
901 214 614 1342
902 96 92 1343
903 1344 1345 1346
904 519 101 923
905 1347 1348
906 243 244 1349
907 1198 1350 1351
908 1352 660 267
909 284 1353
910 249 183 346
911 1354 1355 1356
912 360 876 1357
913 25 155 554
914 171 489 1358
915 89 736 645
916 1359 929 1360
917 260 225 764
918 125 384 170
919 80 637 1314
920 1361 590 1362
921 457 72 1363
922 217 829 1364
923 147 1365 705
924 107 171 18
925 215 575 1366
926 338 61 1367
927 457 759 1368
928 384 725 1369
929 4 693 716
930 512 1370 967
931 1371 1372 1043
932 1373 455 448
933 24 360 386
934 227 324 1374
935 215 217 575
936 60 921 1375
937 1165 51 170
938 181 1376 1377
939 515 943 546
940 225 144 107
941 31 155 334
942 66 1241 1378
943 338 1379 295
944 269 113 1380
945 1381 1382 1383
946 384 584 591
947 1378 1364 1384
948 141 1385 1386
949 280 1387 553
950 1388 1389
951 1390 1391 1392
952 360 1393 1394
953 304 1395 1396
954 147 945 1397
955 169 125 1398
956 1041 541 399
957 815 416 318
958 1372 272 1399
959 961 1372 1400
960 191 74 1401
961 1263 1402 1058
962 31 1403 1257
963 1209 1404 1405
964 57 1406 1407
965 23 501 1244
966 272 1291 1408
967 580 61 1409
968 145 127 1410
969 512 653 1411
970 911 1412 1413
971 346 583 1414
972 63 1415 1416
973 613 570 490
974 1417 1418 1419
975 16 489 1420
976 1421 1422 1423
977 416 1424 1062
978 51 70 262
979 360 1425 488
980 1165 1247 1426
981 1427 530 1428
982 704 1429 1430
983 310 1431 1432
984 1433 1374 1434
985 502 1435 1436
986 1041 1115 1437
987 60 896 272
988 80 1438 1439
989 1440 1441 1442
990 105 1435 1443
991 181 1115 1259
992 217 1444 1445
993 31 64 292
994 890 1446 275
995 66 102 670
996 815 60 1447
997 104 93 1255
998 1448 1449 1450
999 269 575 17
1000 60 1451 971
1001 1195 520 1452
1002 94 1453 1243
1003 146 501 416
1004 60 299 977
1005 1454 377 1455
1006 1456 1457 278
1007 865 493 608
1008 211 374 965
1009 1458 1459 1460
1010 260 454 442
1011 580 384 417
1012 155 1461
1013 70 608 182
1014 227 1131 753
1015 960 1462 1463
1016 103 164 156
1017 506 1017 1429
1018 1310 1464 1465
1019 225 817 1466
1020 246 1467 1468
1021 125 302 1469
1022 77 185 788
1023 512 184 1470
1024 183 1471 1472
1025 1473 1474
1026 70 557 1475
1027 10 1476 1477
1028 31 91 379
1029 77 1058 1478
1030 165 1071 1479
1031 227 699 1480
1032 11 374 1481
1033 66 405 1482
1034 75 855 1483
1035 284 255 1484
1036 1485 1486 1487
1037 1488 500 1303
1038 541 1489 617
1039 585 1490 1491
1040 530 256 1265
1041 1492 1493 1494
1042 724 944 1352
1043 457 1495 1496
1044 457 606 234
1045 457 159 646
1046 696 1061 1497
1047 962 379 963
1048 152 1498 1499
1049 512 360 399
1050 1061 1500 1501
1051 831 1502 1503
1052 998 569 1504
1053 853 1097 1140
1054 66 1505 380
1055 1506 1507
1056 1508 1509 1510
1057 226 165 1511
1058 76 922 945
1059 512 457 321
1060 1478 550 1512
1061 155 1513 82
1062 125 15 1514
1063 462 1515 1143
1064 77 118 1224
1065 512 355 1322
1066 25 1516 1517
1067 1058 851 359
1068 1075 1518 1519
1069 653 1520 542
1070 147 367 1521
1071 1052 1522 1523
1072 584 1524 1525
1073 1490 1526 1527
1074 145 66 1528
1075 31 1529 100
1076 4 223 1530
1077 530 1531 1532
1078 348 943 334
1079 1533 1431
1080 226 384 501
1081 575 131 1364
1082 1402 1534 1340
1083 580 1409 1535
1084 634 637 1536
1085 622 1121 1110
1086 693 83 1537
1087 262 1538 1092
1088 1539 1540 1541
1089 319 1542 1543
1090 1020 1544 1545
1091 227 693 457
1092 771 387 1546
1093 549 1547 1548
1094 63 64
1095 310 1054 842
1096 105 999 1549
1097 1550 408 1551
1098 1552 1479 1553
1099 1554 1555 849
1100 1556 1557 1558
1101 577 384 284
1102 192 1164 1559
1103 360 1560 328
1104 247 699 680
1105 995 593 1110
1106 216 223 3
1107 12 1561 1562
1108 704 1563
1109 227 1564 1565
1110 575 255 1566
1111 1567 1568 1569
1112 1570 569 785
1113 1571 1572 1573
1114 871 721 624
1115 1574 1378 1156
1116 125 1575 209
1117 211 787 1150
1118 519 107 991
1119 530 1576 1577
1120 12 416 662
1121 1578 1579 1580
1122 91 1570 1581
1123 87 377 588
1124 26 1248 1582
1125 702 1583
1126 80 815 1097
1127 155 164 699
1128 171 603 1584
1129 1585 1586 1587
1130 103 321 458
1131 147 1588 1239
1132 457 1589 1590
1133 708 1306 1591
1134 225 1592 697
1135 1091 527 1593
1136 740 1594 1539
1137 931 1595 1596
1138 162 1597 1598
1139 155 462 391
1140 91 845 1599
1141 697 311 1600
1142 1601 586
1143 1602 989 1603
1144 146 1131 771
1145 519 251 78
1146 699 1604 250
1147 227 1605 1606
1148 164 1607 1608
1149 1604 1609 1116
1150 17 1610 1611
1151 1350 1612 1613
1152 948 1614
1153 71 1615 1317
1154 461 228
1155 1616 1617 1618
1156 154 540 1619
1157 1620 1621 1622
1158 310 640 593
1159 1548 1623 1624
1160 1536 923
1161 1577 1625 1626
1162 109 11 215
1163 96 1170 604
1164 111 1627 1628
1165 1059 1629 1630
1166 24 155 1393
1167 422 1505 236
1168 530 162 1550
1169 31 217 141
1170 1125 1126 1358
1171 1631 1632 1633
1172 99 1634 1635
1173 1636 1071 167
1174 52 1637
1175 1638 1639 1640
1176 756 1506
1177 1641 480
1178 1059 1629 1630
1179 384 1162 604
1180 191 247 146
1181 693 1398 1446
1182 125 38 953
1183 225 360 6
1184 181 1101 1239
1185 104 111 1642
1186 519 76 334
1187 1210 1643 670
1188 3 1644 1645
1189 866 1646 39
1190 312 1647
1191 177 278 55
1192 16 74
1193 525 670 1648
1194 1649 1650 1651
1195 161 1652
1196 16 107 457
1197 1653 694 1364
1198 348 1654 1655
1199 1656 1657 1658
1200 99 351 1502
1201 1659 1092 1660
1202 366 1661 228
1203 18 617 1406
1204 1662 584 1029
1205 28 93 554
1206 217 1663 919
1207 66 33 1664
1208 11 77 24
1209 31 7 1665
1210 165 1666 1667
1211 1668 1669 1670
1212 455 342 283
1213 1671 252 1387
1214 256 1672 1673
1215 4 1290 1110
1216 191 1373 1674
1217 1675 1676 1677
1218 242 1223 102
1219 1678 641
1220 1679 1680 1681
1221 360 682 771
1222 23 1290 592
1223 247 155 217
1224 1682 1683 1684
1225 1685 1686 1687
1226 1688 1689
1227 16 1685 1143
1228 19 423 1102
1229 1690 1691 1692
1230 1162 1693 1694
1231 227 198 1695
1232 554 880 1030
1233 1268 1610 1696
1234 887 337
1235 1697 1042
1236 174 563 1009
1237 31 640 1698
1238 1699 1700 1701
1239 1702 1703 1704
1240 366 1705 1037
1241 66 251 736
1242 853 937 1181
1243 99 1706 1707
1244 1708 1709 1710
1245 1002 1371 644
1246 865 192 1711
1247 312 1712 1713
1248 540 1714 1715
1249 32 97 1716
1250 1717 1718 983
1251 269 24 110
1252 191 251 33
1253 519 1276 1719
1254 307 1720
1255 369 1721 1722
1256 146 1723 233
1257 519 17 1724
1258 1725 418 1726
1259 1727 1049 890
1260 696 931 909
1261 1728 1602
1262 18 672 286
1263 227 740 1007
1264 530 1306 1729
1265 60 1730
1266 1731 500 1732
1267 181 693 73
1268 184 1145 1733
1269 1734 805 1735
1270 1736 1616 1737
1271 1738 1739 1740
1272 1566 1652 698
1273 731 450 1741
1274 1550 1164 1742
1275 664 1743 542
1276 226 162 1106
1277 417 613 624
1278 257 82 1409
1279 1443 1744 1711
1280 1662 1048 1167
1281 1323 177 1745
1282 1155 461 1746
1283 540 1747 1380
1284 1747 1748 1749
1285 65 498 1750
1286 233 1123 1751
1287 126 351 1752
1288 1390 1144 1753
1289 1754 1755 788
1290 184 1604 1682
1291 1756 1757 1758
1292 758 1075 1759
1293 164 1760 1761
1294 1049 1762 745
1295 65 114 1763
1296 829 957 1764
1297 284 83 450
1298 554 163 1465
1299 1765 1766 1767
1300 1768 1769 1770
1301 1771 543 295
1302 931 535 1772
1303 456 1773 1774
1304 1566 1290 1436
1305 1261 1775 1327
1306 519 530
1307 1760 1607 1776
1308 766 1398
1309 211 318 1777
1310 845 1778 1779
1311 80 1550 1780
1312 962 675 963
1313 1607 1781 1782
1314 249 7 93
1315 12 314 1783
1316 1784 1785 1786
1317 512 1009 1372
1318 1075 1787 1307
1319 204 1123 494
1320 1788 1789 1790
1321 1791 1360 1792
1322 995 1225 623
1323 4 33 905
1324 16 1062 1793
1325 1794 1795
1326 1457 691 1796
1327 91 1797 766
1328 1584 1798 1799
1329 105 1800 866
1330 1801 1802 1803
1331 645 1804 1805
1332 181 375 1806
1333 431 1807 1808
1334 177 953 1290
1335 161 1809 1810
1336 530 1811 1017
1337 280 195 1812
1338 716 177 1364
1339 16 107 641
1340 211 1813 1814
1341 22 92 1815
1342 1816 1817
1343 310 1160 923
1344 1162 200 1300
1345 155 1435
1346 183 346 716
1347 512 1818 662
1348 1150 765 1819
1349 1820 1364
1350 1821 1822 1823
1351 1030 21 1285
1352 1824 1825 1826
1353 1827 1828 1497
1354 155 1435
1355 251 93 1111
1356 105 1787 828
1357 51 215 181
1358 1550 771 604
1359 306 1829 1048
1360 247 1830 375
1361 1831 1167 1832
1362 1145 418 1689
1363 1384 1833 1834
1364 257 1275 1160
1365 215 1239 1409
1366 743 1835 1836
1367 1427 385 1082
1368 401 1281 1837
1369 369 405 1838
1370 334 801 1036
1371 1839 1840 648
1372 1841 1842 528
1373 1550 943 13
1374 31 1665
1375 360 91 1843
1376 693 76 1844
1377 325 1845 1846
1378 74 854 361
1379 519 1847 455
1380 31 549 266
1381 145 59 387
1382 31 1848 1062
1383 674 489 1300
1384 892 1584 1849
1385 1850 1851 1852
1386 4 1853
1387 1275 291 1733
1388 399 1854 1373
1389 65 724 244
1390 379 1740 1672
1391 89 232 1592
1392 161 168 1855
1393 99 36 90
1394 512 156 1856
1395 1857 918
1396 260 257 1339
1397 1858 1074 1859
1398 260 1860 179
1399 577 576 849
1400 1145 1097
1401 4 696 662
1402 580 1861 305
1403 1862 1863 604
1404 16 99 357
1405 89 1864 1865
1406 1201 92 232
1407 1866 1253 1533
1408 1867 1868 1869
1409 1870 1335 1871
1410 37 642 1099
1411 1872 1873 1874
1412 339 1875 1332
1413 1876 1877 1878
1414 1879 1880 1881
1415 1521 1882 1883
1416 269 457
1417 63 60 1022
1418 223 767 302
1419 1884 905 240
1420 456 1602 1885
1421 1131 1886 1887
1422 165 1375 1888
1423 248 1837 1889
1424 357 911 944
1425 1890 322 1891
1426 31 408 1892
1427 519 635 380
1428 1582 1893 1894
1429 1895 1285 1062
1430 1024 236 1896
1431 76 262 1897
1432 45 113 855
1433 1898 1899 1900
1434 127 593 1901
1435 23 286
1436 1902 1160 1903
1437 1904 1370 1905
1438 1906 1907 1387
1439 12 1402 290
1440 1908 1909 1910
1441 216 1911 1912
1442 103 122 1913
1443 18 74 1914
1444 165 1915 1916
1445 1040 1917 1918
1446 66 654 1919
1447 693 171 52
1448 1920 1921 1922
1449 849 1696 1344
1450 31 399
1451 1451 395 612
1452 1923 127 61
1453 645 1924 1925
1454 107 153 250
1455 1926 1927 1928
1456 108 1176 1929
1457 154 54 1930
1458 1454 314 305
1459 1203 286 1630
1460 12 1931 1932
1461 1933 1934 1935
1462 453 72 119
1463 36 1000 1936
1464 456 1264 912
1465 156 1722 710
1466 127 37 224
1467 913 990 1937
1468 503 1531 899
1469 1388 1764 1938
1470 1939 1940 1941
1471 162 328 1471
1472 1075 1032 1942
1473 1127 1943 1944
1474 37 1945
1475 673 1730 1036
1476 77 1946 541
1477 799 1947 1948
1478 227 973 1949
1479 1950 1951 1952
1480 4 251 1574
1481 759 1953 1954
1482 211 177 70
1483 1955 1956 1957
1484 1926 500 1443
1485 171 416 923
1486 1662 1371 670
1487 1652 259 1104
1488 1958 1959 1960
1489 1012 1961 1962
1490 1963 1964 1965
1491 1853 1833 1966
1492 191 752 1967
1493 1818 1968 1969
1494 906 1762 657
1495 103 1597 1970
1496 184 1271 291
1497 125 435 1971
1498 1972 728 1605
1499 64 1973
1500 417 1849 205
1501 40 575 384
1502 501 1974 1975
1503 432 1845 1443
1504 181 379 1847
1505 1397 484 1976
1506 1298 1977
1507 147 17 373
1508 1652 1516 1907
1509 519 251 740
1510 104 431 1049
1511 260 519 1671
1512 626 377 1978
1513 118 1979 1980
1514 1981 1982 1983
1515 374 771 1179
1516 236 1984 1985
1517 57 1986 1164
1518 1987 956 1988
1519 815 1989 55
1520 103 223 607
1521 63 1990 1991
1522 919 1992
1523 227 1993
1524 252 514 881
1525 1198 1842 1265
1526 640 1023 1994
1527 80 92 170
1528 1995 584 732
1529 181 741 848
1530 377 1864 1470
1531 600 1996 1997
1532 125 32 501
1533 1239 275 1908
1534 1121 1503
1535 146 369 1998
1536 693 401 1067
1537 512 111 1643
1538 342 483 1321
1539 181 37 702
1540 247 798 1999
1541 1620 2000 2001
1542 177 231 440
1543 22 1323 1942
1544 156 334 1482
1545 1152 2002 2003
1546 80 637 2004
1547 1263 1906 1058
1548 99 100 632
1549 191 675 329
1550 125 165 675
1551 1165 512 609
1552 399 494 1042
1553 1390 598 741
1554 921 357 2
1555 1115 1875
1556 240 408 1144
1557 76 945 2005
1558 1145 1728 543
1559 155 107 451
1560 185 1613 728
1561 24 526 2006
1562 1724 2007 2008
1563 1041 155 2009
1564 519 493 404
1565 1165 1854 1675
1566 1780 523 484
1567 679 2010 1609
1568 944 520 2011
1569 247 107 224
1570 16 716
1571 2012 2013 2014
1572 12 310 2015
1573 493 54 660
1574 1119 2016 1673
1575 693 170 2017
1576 89 203 2018
1577 2019 1693 423
1578 952 2020 2021
1579 1311 158 1094
1580 1075 1435 1675
1581 76 1868 1508
1582 2022 2023 2024
1583 242 70 2025
1584 1271 2026 2027
1585 66 165 971
1586 4 609 369
1587 144 2028
1588 325 1845 1846
1589 2029 1198 2030
1590 1995 1117 2031
1591 2032 1469 2033
1592 2034 2035 2036
1593 211 1435
1594 111 2037 1443
1595 110 2038 2039
1596 741 2040 2041
1597 357 2042 2043
1598 1654 2044 82
1599 4 57 1897
1600 2045 1914 2046
1601 2047 2048 1571
1602 118 1002 2049
1603 1180 965 1597
1604 125 1923 1946
1605 640 501 2050
1606 1126 1964 2051
1607 1401 798 2052
1608 384 2053 2054
1609 22 1478 1139
1610 756 273 2055
1611 519 2056 1007
1612 2056 2057 2058
1613 181 995 2059
1614 2060 2061 2062
1615 2019 680 142
1616 1245 989 1462
1617 99 1239 1610
1618 161 70 1978
1619 379 2063
1620 545 1854 880
1621 338 2064 84
1622 257 721 860
1623 931 2065 2066
1624 147 1396 2067
1625 811 1306 2068
1626 213 2069 2070
1627 761 1599
1628 500 2071 2072
1629 2073 2074 2075
1630 693 55 295
1631 512 1556 1520
1632 159 95 660
1633 1210 787 278
1634 409 2076 330
1635 603 641 2077
1636 1162 799
1637 257 581 1926
1638 92 2078 2079
1639 580 2080 801
1640 256 2081 2082
1641 1725 122 1151
1642 162 2083 311
1643 24 2084 1740
1644 118 76 70
1645 696 1121 1372
1646 280 251 1375
1647 310 1653 1850
1648 2085 2086 2087
1649 1059 494 2088
1650 422 367 504
1651 2089 601 1408
1652 2090 2091 2092
1653 11 2093 3
1654 1133 296 387
1655 23 1664 1062
1656 1687 2094 901
1657 2019 2095 2096
1658 519 2080 2097
1659 158 2098 943
1660 155 1206
1661 52 1838 385
1662 54 2099
1663 2100 2101 2102
1664 232 912 1396
1665 81 2103 2104
1666 512 155 284
1667 519 563 1164
1668 235 1581 2105
1669 696 376 1528
1670 2106 2107 719
1671 147 230 1868
1672 848 2108 2109
1673 1612 2110 2111
1674 1868 2112 2113
1675 107 280 328
1676 86 1412 2114
1677 2115 2116
1678 103 674 525
1679 211 1286 2117
1680 127 741 464
1681 1955 2118 2119
1682 1604 61 2120
1683 894 33 588
1684 2121 1822 2122
1685 126 405 2123
1686 17 162 1611
1687 716 2124 2125
1688 362 2126 2127
1689 2128 2129 703
1690 1026 2130 1123
1691 127 2131 2132
1692 375 402 141
1693 2133 2134 2135
1694 1653 871 1009
1695 40 81 1186
1696 512 1020 352
1697 575 379 858
1698 223 487 2136
1699 758 2137 2138
1700 260 584 2139
1701 629 2140 2141
1702 125 2142 2043
1703 679 633 2016
1704 155 1131 764
1705 693 2027 2143
1706 4 162 2144
1707 25 310
1708 205 1225 556
1709 1165 11 2145
1710 708 630 2146
1711 2147 440 2148
1712 299 1203 461
1713 217 70 2149
1714 2150 2151 2152
1715 181 1115 1303
1716 1574 2153 546
1717 519 155 1094
1718 302 2154 342
1719 2155 670 2156
1720 580 67 384
1721 2157 2158 2159
1722 1051 2160 2161
1723 270 2162 957
1724 2163 518
1725 1146 2164 1117
1726 211 1366 2165
1727 634 170 242
1728 125 2166 1443
1729 66 223 1524
1730 502 2167 2168
1731 501 2169 2170
1732 1007 2171 2172
1733 2173 1289 1401
1734 56 2174 2175
1735 1286 613 2176
1736 2177 2178 1101
1737 103 1574 1850
1738 695 1378
1739 239 2179 186
1740 2180 2181 2182
1741 464 2183 2184
1742 161 2185 1585
1743 815 2186 2187
1744 104 631 514
1745 2188 2189 2190
1746 2191 2192 1857
1747 1457 1409 259
1748 2193 1985 283
1749 2194 2195 2196
1750 16 118 693
1751 305 407 2197
1752 325 1231 1845
1753 1946 2021 2198
1754 155 321 2199
1755 1986 2200 2201
1756 212 520 2202
1757 2203 2204 1713
1758 2205 2206 2207
1759 141 909 2208
1760 310 155 787
1761 177 399 328
1762 741 628 353
1763 1055 2209 2065
1764 540 55 240
1765 235 194 999
1766 2210 2211 2212
1767 217 2213 1471
1768 215 236 2214
1769 39 630 2215
1770 141 860 1144
1771 1550 1536 13
1772 457 1039 198
1773 1069 2216 2217
1774 519 225 198
1775 622 122 2218
1776 519 144 183
1777 999 305 2219
1778 2220 2221 2222
1779 509 1148 870
1780 515 2223 1229
1781 170 1094 2224
1782 37 2225 1997
1783 66 2226 2227
1784 820 1184 1182
1785 17 921 585
1786 1115 405 2228
1787 501 595 1984
1788 457 141 1999
1789 2229 2230
1790 2231 2232 2233
1791 2113 2234
1792 603 450 1048
1793 177 2235 1290
1794 338 2236 518
1795 24 299 177
1796 865 2237 2238
1797 399 2239 2240
1798 269 118 760
1799 1575 2037 254
1800 519 102
1801 184 2241 2242
1802 2243 382 1020
1803 286 867 1061
1804 1249 244 2244
1805 809 911 1985
1806 1122 1728 967
1807 118 2245 1942
1808 96 2046 362
1809 453 862 2246
1810 260 2177 2247
1811 171 1438 1794
1812 1041 2248
1813 375 399 670
1814 66 2112 1167
1815 2249 1055 1589
1816 1075 911 2250
1817 66 2251 2252
1818 51 69 230
1819 110 106 2253
1820 724 725 450
1821 223 2254 2255
1822 2256 2257 245
1823 303 1352 1994
1824 230 2258 2259
1825 2260 2261 2262
1826 519 2263 2264
1827 131 357 1252
1828 670 2073 2265
1829 145 127 672
1830 1398 670 2266
1831 760 2267 295
1832 269 2268 179
1833 865 2269 1647
1834 164 156 1884
1835 2270 2271 2272
1836 2273 2274 1497
1837 520 2275 2276
1838 226 575 760
1839 4 64 131
1840 1121 2073 2277
1841 66 504 1395
1842 519 1275 1970
1843 384 170
1844 519 911 1926
1845 1575 2037 2278
1846 145 131 708
1847 696 702 407
1848 489 805 2279
1849 192 1412 975
1850 16 2280 354
1851 823 1926 1401
1852 379 2281 633
1853 679 633 2282
1854 765 2283 491
1855 230 212 1989
1856 164 909 856
1857 51 2284 1942
1858 379 2285 2286
1859 195 410 2287
1860 91 693 67
1861 145 2288 489
1862 1896 2289
1863 1727 294 2273
1864 164 517 2290
1865 693 657 1306
1866 147 2291 2292
1867 2293 2294 2295
1868 89 770 332
1869 260 1050
1870 2296 899 2297
1871 2298 2299 2300
1872 2301 2302 2303
1873 223 2304 2305
1874 2306 2307
1875 200 2308 723
1876 155 932 408
1877 2309 2310 2311
1878 181 1853 820
1879 1995 2312 2313
1880 110 693 457
1881 2314 2315 2316
1882 1842 2317 2318
1883 77 2319 1572
1884 512 580 312
1885 4 32 1489
1886 2320 2321 2322
1887 147 1560 423
1888 65 482 2323
1889 760 1190 2242
1890 103 164 1643
1891 637 848 2324
1892 360 2325
1893 2326 2327 2328
1894 2329 1239 90
1895 1161 1407 1500
1896 931 542 2330
1897 657 2331 2332
1898 33 2333 337
1899 2292 2334
1900 973 234 1981
1901 504 2335 2336
1902 2337 2338 2339
1903 1850 2340 2341
1904 2192 910 1247
1905 10 393 2342
1906 53 2 2284
1907 242 491
1908 1877 2343 2344
1909 679 2345 2066
1910 144 37 357
1911 154 674 2153
1912 2346 1756 1467
1913 975 2347 2348
1914 10 504 84
1915 25 66 457
1916 1322 2349 2350
1917 12 147 421
1918 121 575 321
1919 2351 2352 2353
1920 165 698 2354
1921 67 1562 2355
1922 1999 2356 2105
1923 2357 2358 2359
1924 815 251 501
1925 943 1661 2360
1926 2089 960 2361
1927 247 2022 2362
1928 60 1634 1787
1929 2185 885 1506
1930 2363 2364 2365
1931 1069 542 2366
1932 64 7
1933 145 965 1966
1934 1131 764 332
1935 549 2367 2368
1936 227 1540 2369
1937 307 1507 400
1938 1764 2370
1939 2371 163 2372
1940 2373 2374 2375
1941 2122 2376 2377
1942 152 107 627
1943 223 376 588
1944 1531 2378 2379
1945 1577 2244 1467
1946 191 106 1500
1947 183 815 18
1948 325 1845 1846
1949 530 563 743
1950 1566 258
1951 269 440 2226
1952 1094 1506 1315
1953 310 1653 1850
1954 1161 1247 2380
1955 384 1116
1956 91 966 2381
1957 1427 461 1075
1958 991 995 1358
1959 2224 2382
1960 155 1460 2383
1961 31 91 357
1962 1575 2283 978
1963 184 1574 741
1964 1671 921 418
1965 952 702 2384
1966 2385 2386 2387
1967 141 2388 931
1968 1229 1082 2389
1969 1210 1678 1238
1970 462 1238
1971 31 699 2039
1972 104 21
1973 2390 2391 2392
1974 519 702 1730
1975 338 1322 1409
1976 11 520 340
1977 51 181 2393
1978 637 402 869
1979 125 1971 2394
1980 45 719 2395
1981 1995 2031
1982 1575 2396 2397
1983 1165 225 422
1984 105 961 601
1985 77 1305
1986 24 2398 2399
1987 409 2400 2401
1988 269 2402 2369
1989 1303 2403 2404
1990 147 152 674
1991 2405 2244 2406
1992 63 519 693
1993 1124 1342 2407
1994 523 516 348
1995 17 251 1252
1996 416 2408 554
1997 2409 2410 2411
1998 601 2113 2046
1999 2412 2413
2000 2414 2415 2111
2001 2416 2417 2418
2002 536 2419
2003 416 321 2420
2004 204 1853 820
2005 1031 1033 937
2006 177 1049 2421
2007 338 1974 1324
2008 1041 693
2009 1209 2422
2010 1508 2142 899
2011 1987 852 2423
2012 1161 885 860
2013 2424 1347 2425
2014 87 1074 2426
2015 1170 514 1188
2016 360 1536 1630
2017 247 93 2427
2018 1289 2283
2019 2428 2429 2430
2020 2431 643 301
2021 1725 1385 911
2022 384 1906 2432
2023 581 2433 596
2024 24 147 1458
2025 312 2434
2026 103 17 504
2027 673 690 1400
2028 60 1047 1581
2029 1 286 244
2030 865 542 951
2031 2435 2436 2437
2032 165 2149 233
2033 1218 140 2438
2034 4 6 119
2035 1923 2439 893
2036 534 1615 1530
2037 215 517 1864
2038 357 731 2440
2039 145 2441 2442
2040 713 2443 2444
2041 519 580 463
2042 2445 2446
2043 11 328 2447
2044 37 1170 1052
2045 1584 1478 209
2046 91 2007 1999
2047 2448 2449 2450
2048 1041 2451 2452
2049 991 233 2453
2050 40 114 1528
2051 2261 1749 2454
2052 191 380
2053 109 519 215
2054 694 399 708
2055 1561 885 1335
2056 103 2455 2456
2057 216 2140 2457
2058 2458 1966 2459
2059 535 1908 1891
2060 1286 1031 418
2061 118 603 2171
2062 110 145 146
2063 2460 1103 2461
2064 109 940 2275
2065 2203 1252 2462
2066 758 2085 236
2067 125 406 1837
2068 1688 717 811
2069 957 2463 2011
2070 2464 890 367
2071 682 1031 395
2072 2421 2465 2466
2073 247 399 1695
2074 516 1453 1271
2075 2467 2468 2469
2076 713 2470 2471
2077 515 1534 2472
2078 218 770 2473
2079 1652 1160 1425
2080 921 2474 1186
2081 857 204 2475
2082 1249 192 1747
2083 1678 243 1090
2084 2476 1864
2085 450 2477 2478
2086 489 2479 2480
2087 1053 1378 2481
2088 1221 1661 2482
2089 1662 1890 1124
2090 4 1161 1363
2091 43 238 2483
2092 950 517 2484
2093 713 2485 2486
2094 89 1049 258
2095 1263 756 136
2096 773 1352 490
2097 598 37 285
2098 640 2487 2488
2099 2489 2490 2491
2100 1652 613 2492
2101 2493 529 2494
2102 169 1 2495
2103 1049 2496 2047
2104 1276 756 136
2105 332 2497 2498
2106 1049 1718 2499
2107 724 1754 2331
2108 2500 914 877
2109 191 944 2501
2110 260 1311 158
2111 1198 2502
2112 2503 2504 2505
2113 1326 370 1467
2114 273 2506
2115 1311 1056 1515
2116 225 693 1185
2117 267 2453
2118 2507 2508
2119 2509 603 1435
2120 355 404
2121 1041 2510 1172
2122 17 1170 2511
2123 2344 2512 2513
2124 2514 2175
2125 1816 1364 2237
2126 181 1082 2515
2127 209 2261 2516
2128 1902 770 692
2129 94 1942 1007
2130 103 1133 1582
2131 64 18 37
2132 515 2517 2518
2133 191 65 1513
2134 1078 2519 2520
2135 2521 1818 1156
2136 2522 2523 2524
2137 230 1236 2525
2138 1244 2249 2526
2139 829 2037 2173
2140 25 892 324
2141 641 721 2518
2142 2292 1989 2527
2143 91 2528 2529
2144 169 178 2530
2145 1231 314 1262
2146 2531 644 2335
2147 815 1733 2532
2148 2533 192 2502
2149 2534 2535 2536
2150 1727 2481
2151 1390 111 2076
2152 945 2431 1515
2153 244 887
2154 284 2537 2538
2155 141 2539 139
2156 637 75 1552
2157 183 55 732
2158 576 204 1132
2159 961 1372 1176
2160 1334 162 943
2161 2493 2039 529
2162 23 603 2540
2163 2541 2542 2543
2164 2544 2545
2165 640 2149 357
2166 1881 2546
2167 60 113 862
2168 601 2547 2548
2169 1364 1474 1756
2170 1484 2549
2171 931 2550 1546
2172 457 876 2551
2173 756 1350 168
2174 1657 1117 2552
2175 181 1314 2553
2176 65 2306 307
2177 831 1099 2554
2178 158 1207
2179 103 122 1276
2180 127 493 1161
2181 2555 2556 2557
2182 165 138 1988
2183 227 1999 518
2184 1604 3 1326
2185 290 2558 2559
2186 2560 1255 2561
2187 161 1224 187
2188 975 2562 2563
2189 1840 836 2564
2190 699 2565 2566
2191 64 1323 122
2192 1122 2567 1985
2193 1653 141
2194 215 71 2568
2195 519 416 2569
2196 1058 663 2570
2197 1032 489 2571
2198 519 93 2572
2199 2573 2574 2575
2200 388 2576 2577
2201 236 311 259
2202 1609 2578 1342
2203 2579 2580 714
2204 2581 2582 2583
2205 1699 1332 1357
2206 2584 1562
2207 962 1220 2585
2208 2586 2587
2209 1550 1539 2588
2210 1818 2208 2589
2211 2590 1255 137
2212 127 980 2591
2213 37 192 740
2214 152 815 971
2215 23 191 988
2216 211 1056 652
2217 423 2592 2593
2218 2080 662 862
2219 598 1867 855
2220 2408 2093 687
2221 11 154 2594
2222 28 310 2323
2223 2431 2502 2595
2224 225 758 14
2225 991 258 332
2226 1732 913 1415
2227 2540 2596 2597
2228 126 173 862
2229 2598 1038 2599
2230 698 2237
2231 11 848 906
2232 251 1946 1489
2233 493 2600 2601
2234 107 184
2235 1837 167 2602
2236 211 1556 2603
2237 1165 18 33
2238 2604 745 984
2239 1786 2605 2606
2240 2607 2608 2609
2241 1968 2610 1511
2242 696 860 2611
2243 216 1829 2612
2244 373 2613 1984
2245 1761 2614 2615
2246 211 882 236
2247 325 2098 1253
2248 2616 2617 2618
2249 519 2064 278
2250 580 773 1198
2251 227 961 1870
2252 375 1299
2253 891 1815 2619
2254 858 2620 1021
2255 232 318 180
2256 696 246 1305
2257 2621 1853 2223
2258 2384 2622 1641
2259 1906 2251 702
2260 2623 2624
2261 1059 1630 2625
2262 1743 1314 1747
2263 687 1632 2626
2264 2627 235 2446
2265 2628 2629 2630
2266 2177 1152 413
2267 961 83 1749
2268 2631 2632 2633
2269 1761 2634 2635
2270 66 247 998
2271 848 2636
2272 2637 1403 1340
2273 462 2230 2638
2274 1319 2639 2640
2275 1671 865 294
2276 603 585
2277 2641 2642 2643
2278 80 758 1306
2279 374 971
2280 169 161 96
2281 227 693 439
2282 2020 1240
2283 4 595 1305
2284 242 1311 2192
2285 1365 2644 168
2286 1150 2645 451
2287 99 577 912
2288 725 2646 2647
2289 325 1845 1846
2290 37 1152 2648
2291 158 2283
2292 227 1059 1840
2293 604 2649 2317
2294 39 2650 1833
2295 257 1350 552
2296 384 782 1082
2297 2578 2651 2652
2298 2431 643
2299 2653 1371 2654
2300 494 702 735
2301 339 423
2302 1311 158 1817
2303 958 2655 2656
2304 59 957 2547
2305 1314 2657 1156
2306 227 1101 680
2307 51 60 939
2308 1299 1586
2309 2658 2659 2660
2310 2661 461 2484
2311 515 732 2534
2312 177 2662 604
2313 2266 957 2663
2314 1828 337 2664
2315 244 2665 2666
2316 519 1184 2667
2317 70 2668 463
2318 2669 2670 2671
2319 78 2521 910
2320 17 1164 2347
2321 1122 577 740
2322 2128 2672 2673
2323 92 552
2324 183 2674
2325 2464 431 59
2326 64 152 46
2327 675 1240
2328 80 2306 136
2329 1744 2675 2676
2330 26 515 541
2331 2677 2678
2332 2679 2680 2681
2333 680 2347 774
2334 2063 532 2682
2335 604 2683
2336 1119 2684 2685
2337 2686 2687
2338 435 2688 2689
2339 2690 2691 2442
2340 4 181 931
2341 16 64 977
2342 68 2692 2693
2343 10 211 37
2344 2694 2695
2345 2696 248 2304
2346 111 2697 2698
2347 18 328 2699
2348 1122 1145 1604
2349 969 145 2700
2350 2701 1373 2126
2351 402 562 2702
2352 829 1069 550
2353 1914 1512 908
2354 278 2703 2704
2355 1322 1659 2705
2356 1685 2153 2128
2357 2412 658 2706
2358 2262 2707 668
2359 519 375 1365
2360 51 205 1202
2361 1446 2285 2046
2362 1325 2345 333
2363 2708 2709 2710
2364 76 493 995
2365 75 1144 2711
2366 2712 405 1211
2367 886 2713 2714
2368 310 1002 2715
2369 2716 2717 2718
2370 2021 2719 2720
2371 865 2721 510
2372 2722 2723 2724
2373 1427 724 662
2374 1239 200 343
2375 771 2725 21
2376 515 2390 1473
2377 759 404 639
2378 809 653 2089
2379 96 102 2149
2380 1556 2274 2726
2381 2050 1051 2434
2382 384 2727 2403
2383 1390 1738 2728
2384 2621 1051
2385 1074 1301 2174
2386 2729 2730 2731
2387 626 885 2732
2388 361 2733 2734
2389 716 2125 2735
2390 429 256 391
2391 921 909 976
2392 591 766 429
2393 1630 2277
2394 523 2736 2737
2395 75 770 531
2396 2738 2739 2740
2397 908 2741
2398 2578 2742 2743
2399 70 177 960
2400 127 1261 1837
2401 104 493 507
2402 1664 852 2680
2403 975 2680 2744
2404 540 113 2745
2405 2746 419 176
2406 2747 2748 2749
2407 226 1313 2750
2408 255 1646 2751
2409 1352 157 2752
2410 468 2753 2754
2411 1688 515 2755
2412 23 299 2756
2413 732 2757 1272
2414 25 64 37
2415 76 132 2758
2416 919 648 2175
2417 260 952 1231
2418 1310 911 2463
2419 2759 2760 2761
2420 999 1319 2762
2421 609 1966 2434
2422 104 2763 2764
2423 1619 1179 1794
2424 146 1772 2765
2425 310 181 957
2426 1201 222 2213
2427 1385 1833 1756
2428 2766 2767 2768
2429 1361 2769 1740
2430 784 2421 1926
2431 1457 355 2770
2432 1244 1866 919
2433 1090 1389 1117
2434 1893 2771 2272
2435 258 545 697
2436 24 84 2356
2437 2772 315 1954
2438 1263 2428 2773
2439 1106 601 2774
2440 16 371 2775
2441 384 515 2776
2442 911 730
2443 249 905
2444 1275 2777 2778
2445 577 1263 2488
2446 512 99 1744
2447 1481 1064 2779
2448 2780 1009 495
2449 931 2781 2782
2450 1474 1050 915
2451 1122 697 1164
2452 1058 1853
2453 1249 2783 1410
2454 965 228
2455 782 1627 1336
2456 280 1795 2784
2457 741 1269 2785
2458 312 1248 2786
2459 1457 355 517
2460 1615 2116
2461 815 2787 1859
2462 2788 466
2463 1230 2789 2790
2464 192 1754 680
2465 5 2791 2792
2466 1252 450 614
2467 208 495 923
2468 2793 2794 2795
2469 2433 1141
2470 461 622 1604
2471 2796 2797 2798
2472 2799 990 1213
2473 1031 395 2569
2474 1688 811 535
2475 892 731 2540
2476 181 1052 2463
2477 171 645 2800
2478 2801 2802 2803
2479 31 1314
2480 145 422 588
2481 489 2488
2482 2804 2805 2806
2483 183 148 55
2484 285 2807 139
2485 2808 2809 2810
2486 110 8 2811
2487 1163 855 2065
2488 1375 1942 2812
2489 161 2431 643
2490 1942 562 698
2491 2636 1912
2492 535 494
2493 1662 1124 2813
2494 11 18 1524
2495 26 2636 2814
2496 1286 927
2497 2037 2185 2815
2498 519 693 2028
2499 519 18 318
2500 2816 2817 552
2501 338 809 1643
2502 462 1363 2818
2503 222 162 1574
2504 2819 2820 2821
2505 519 530 255
2506 65 1195
2507 118 716 212
2508 104 784 2822
2509 148 848 1018
2510 647 1506 1831
2511 269 93 1145
2512 2823 1546 2379
2513 2371 864 1261
2514 1923 336 663
2515 321 764 2824
2516 6 697 1262
2517 515 1264 1146
2518 144 1731 2825
2519 512 2064 912
2520 1165 855
2521 1490 1731 830
2522 759 1436 2826
2523 280 809 658
2524 2827 2828 2829
2525 1890 2830 1953
2526 379 653 1566
2527 991 1403 2831
2528 215 753 1794
2529 2832 2833 2834
2530 1860 2835 2836
2531 24 2034 352
2532 2837 2838 2839
2533 247 2840 2172
2534 75 2841
2535 717 1920 2842
2536 965 2843 920
2537 1787 1789 1467
2538 885 2844 1132
2539 55 1375 1742
2540 2548 2845 2846
2541 1652 615 916
2542 1244 2847 920
2543 111 766 2256
2544 1165 324 2848
2545 2249 2849 311
2546 2850 1514 2851
2547 280 665 927
2548 823 2852 1092
2549 107 328 324
2550 225 2853 2854
2551 286 2742 2459
2552 2855 2856 2857
2553 1249 2858 2859
2554 1890 1401 556
2555 76 549 353
2556 2078 1699 1353
2557 105 703 2860
2558 1209 1883 1470
2559 91 1478 855
2560 1020 2861 2862
2561 1122 2044 836
2562 306 514 2863
2563 535 546 2624
2564 111 960 2460
2565 519 699 127
2566 2288 2153 2257
2567 746 2864 2865
2568 225 91 80
2569 232 1016 511
2570 2866 1342 2867
2571 184 453 2868
2572 17 1870 2869
2573 208 1853 408
2574 145 37 234
2575 758 571
2576 374 1817 450
2577 2870 2871 2872
2578 2329 511 2873
2579 51 215 266
2580 16 2019 2479
2581 360 732 1644
2582 2044 805
2583 2198 1648 128
2584 2812 1471 2874
2585 260 541 595
2586 23 2875 721
2587 208 136 761
2588 60 1198 1818
2589 1388 1426 2876
2590 247 60 114
2591 52 817 999
2592 2877 2547 597
2593 61 2187 2878
2594 1646 1066 2879
2595 1069 1097 440
2596 60 1257 1313
2597 2880 2881 2882
2598 699 2719 2749
2599 1549 486 2883
2600 80 1075 1164
2601 2455 2801
2602 682 399 1044
2603 2884 2885 2886
2604 152 2887 382
2605 551 2888 2889
2606 215 1915 784
2607 886 1642 2890
2608 147 696 1160
2609 95 542 2891
2610 44 2892 2861
2611 555 2893 951
2612 66 80 885
2613 2124 1198 419
2614 2681 2894 2895
2615 2414 2863 2896
2616 14 980 2897
2617 181 723 1229
2618 1201 147 2260
2619 63 809 256
2620 59 1664
2621 2898 1175 2899
2622 1041 155 919
2623 69 2900
2624 1480 2901 1711
2625 457 945 525
2626 303 1994 2902
2627 2310 2311 2903
2628 323 2337 2904
2629 171 1322 2083
2630 2084 1044 2905
2631 2906 243 2571
2632 2584 1562 39
2633 2907 342 2908
2634 1121 885 1984
2635 2089 1811 557
2636 1303 1825
2637 384 2460 404
2638 693 127 2909
2639 2857 2910 2911
2640 722 2866
2641 1409 2912 2913
2642 1091 2622 2914
2643 1595 1157
2644 1375 343 2436
2645 756 81 404
2646 22 580 1933
2647 212 1359
2648 1263 725 2701
2649 1047 600 2915
2650 94 1525
2651 519 582 197
2652 379 156 2514
2653 80 2916 1913
2654 347 2917 2918
2655 247 1661 927
2656 764 507 2919
2657 1288 2920
2658 64 440 2921
2659 1323 2545 2922
2660 815 730
2661 2046 1955 2923
2662 2924 2925 2926
2663 548 2927 2928
2664 145 59 1528
2665 57 2301 2929
2666 2591 2930 2931
2667 35 2932 2933
2668 2439 1736 2934
2669 912 579 1369
2670 360 717 2935
2671 1868 1833
2672 1286 2153 1664
2673 118 154 76
2674 2185 2403
2675 177 337 1019
2676 462 2333 1828
2677 421 691 46
2678 1152 2757 2075
2679 2936 2937 2938
2680 61 2939 1815
2681 2940 2941 2942
2682 24 2943 2944
2683 260 1285 2759
2684 2432 518
2685 269 89 541
2686 519 696 501
2687 2650 1644 2945
2688 2946 2947 2948
2689 242 2949 1076
2690 242 1398 2869
2691 1281 2950 2782
2692 181 60 451
2693 205 1506 2265
2694 12 154 2951
2695 575 2283
2696 577 1853 1793
2697 2323 2526 2952
2698 374 1524 2080
2699 723 2611 2017
2700 461 2584 885
2701 1101 2462 513
2702 866 683 2953
2703 1451 527 2954
2704 2955 1794 2956
2705 784 2957 2958
2706 375 394 932
2707 2959 2960 2961
2708 1229 2962 197
2709 1457 208 1819
2710 2963 2964 2965
2711 18 1049 2966
2712 2967 2968 2969
2713 16 771 2433
2714 622 258 765
2715 680 479 1979
2716 101 2762 558
2717 1101 1570 1520
2718 96 384 18
2719 315 2970 2971
2720 312 523 1521
2721 162 2388 209
2722 118 2586 1933
2723 2034 1736 2172
2724 80 1306 2972
2725 39 2973 913
2726 1311 2974 2356
2727 66 2975 2976
2728 493 2231 2977
2729 40 105 2149
2730 374 2978 2235
2731 375 1085 1999
2732 580 2085 672
2733 216 965 405
2734 2979 2980 2787
2735 2981 2982 2983
2736 589 524
2737 66 2984 2985
2738 2986 2698 2419
2739 2987 2988 2989
2740 2807 2990 2991
2741 512 1854 2046
2742 107 146 740
2743 58 239 2992
2744 31 696 2993
2745 759 1157 2276
2746 307 513 912
2747 2994 1424
2748 2739 2995 2996
2749 1165 275 2649
2750 1717 542 2997
2751 37 330 398
2752 1085 2998 1481
2753 1015 1396 860
2754 519 348 943
2755 31 1645 2999
2756 2405 3000 3001
2757 3002 3003 1612
2758 122 943 670
2759 1946 3004
2760 713 3005 2470
2761 1263 1906 1058
2762 218 910 3006
2763 975 1501 3007
2764 2584 1094 1506
2765 2650 2238 259
2766 325 2245 1845
2767 2166 542 2686
2768 284 1252 3008
2769 125 815 354
2770 3009 3010 3011
2771 147 1126 3012
2772 310 416 1724
2773 519 3013 1198
2774 1866 1777 1942
2775 876 1040 3014
2776 1119 3015 3016
2777 2624 709 1971
2778 2852 2781 3017
2779 260 921 502
2780 1657 1049 1402
2781 161 597 1553
2782 523 1906 2732
2783 945 136 403
2784 1859 3018 1519
2785 162 773 1438
2786 2476 1685 3019
2787 360 931 1481
2788 312 1094 2307
2789 1981 3020 3021
2790 347 3022 3023
2791 262 3024
2792 1121 1273 680
2793 998 2030 2540
2794 3025 3026 3027
2795 3019 297 3028
2796 589 642 163
2797 811 2433 615
2798 1 258 1008
2799 441 613 721
2800 251 1816 1828
2801 103 2571 788
2802 257 1464
2803 603 2089 510
2804 102 1562 2045
2805 76 671 3029
2806 1115 1173 3030
2807 24 145 37
2808 387 3031 3032
2809 2005 2489 2742
2810 3033 2547 2655
2811 1760 1761 3034
2812 1241 649 451
2813 3035 3036
2814 259 3037 3038
2815 204 765
2816 1249 1231 122
2817 318 535 307
2818 1887 1795
2819 496 3039 3040
2820 589 545 1481
2821 758 3041
2822 1085 1051
2823 699 126 2887
2824 501 1164 3042
2825 2900 494 2384
2826 23 1367 1999
2827 3043 1458
2828 704 1607 1608
2829 3044 3045 3046
2830 3047 1999 571
2831 377 983 3048
2832 1566 2199 3049
2833 595 2514
2834 1974 1123 855
2835 2402 2567 2526
2836 1161 2474 328
2837 245 2957 3048
2838 3050 3051 3052
2839 310 72 1566
2840 2693 3053
2841 2086 852 1792
2842 1563 3054 3055
2843 576 517 3056
2844 3057 3058 3059
2845 119 3060 3061
2846 3062 3063 3064
2847 1467 1351
2848 103 107 223
2849 1029 1480
2850 669 687 2954
2851 1407 3065 3066
2852 125 3067 1971
2853 519 1459
2854 2696 3068 1730
2855 3069 3070 3071
2856 2511 1916 2674
2857 11 3072 1945
2858 2467 2468 2469
2859 1480 670 3073
2860 161 108 400
2861 3074 2523 3075
2862 2875 1322 334
2863 1838 234 188
2864 961 3076 1909
2865 3077 913 2788
2866 2901 337
2867 724 2650 3078
2868 1556 3079 3080
2869 1529 3081 2462
2870 1241 886
2871 1009 1051
2872 3082 3083 990
2873 530 937 1531
2874 3084 3085 1626
2875 2231 2190 3086
2876 2815 2458 1364
2877 384 1091 849
2878 1906 546 746
2879 217 1647 1333
2880 96 919 2163
2881 66 141 1275
2882 3087 909 2251
2883 243 2267 3088
2884 4 63 3089
2885 2712 3090 3091
2886 113 1299 708
2887 805 1342 3092
2888 1115 493 2998
2889 232 1779 3093
2890 461 2951 912
2891 580 3094 3095
2892 1877 1603
2893 64 80 95
2894 3096 3097 3098
2895 186 281 3099
2896 1454 1556
2897 3100 1675 3101
2898 1992 3102 3103
2899 3104 3105 3106
2900 3107 3108 3109
2901 991 234 852
2902 2412 593 3110
2903 905 34
2904 3111 3112 3113
2905 1560 3114 913
2906 183 2186 2799
2907 55 2774
2908 1270 1303
2909 1482 3115 2778
2910 3116 1790 2972
2911 3117 3118 3119
2912 260 360 991
2913 696 247 3120
2914 1556 3079 3121
2915 181 2191 1031
2916 18 1665
2917 504 2496 1475
2918 104 1574 717
2919 1556 3079 1935
2920 1372 2234 1212
2921 812 1890 1831
2922 171 1075 407
2923 1595 3122 3123
2924 3073 1705 761
2925 724 1574 3124
2926 637 639 3125
2927 1163 3126 2289
2928 191 944 3127
2929 503 3128 3129
2930 37 352 1410
2931 273 3130 3131
2932 3132 240 3133
2933 1371 3134 2807
2934 29 1014 3135
2935 1180 866 2586
2936 1091 1409 734
2937 1853 3136 3121
2938 911 3137 2285
2939 3138 539
2940 2306 917 1755
2941 360 255 944
2942 1273 2402
2943 855 3127 1873
2944 569 3089 623
2945 258 2294 1290
2946 1273 3139 2257
2947 1727 442 1341
2948 766 1849 1488
2949 171 667
2950 69 2049 3140
2951 3141 1370 3142
2952 1561 1646 1409
2953 1933 505 3143
2954 580 311 2711
2955 693 771 1047
2956 2866 1111 2466
2957 2263 3144 3145
2958 2064 626 2732
2959 181 502 593
2960 1054 2185 1090
2961 224 698 253
2962 2258 581 2528
2963 512 785 3146
2964 3147 859 3148
2965 1203 3149 1984
2966 177 1276 562
2967 3150 2341 2687
2968 217 153 328
2969 1977 1364
2970 1239 1253 782
2971 758 454 1926
2972 148 375 224
2973 462 1007 1999
2974 1221 1652 828
2975 1678 2818 1913
2976 89 18 756
2977 921 357 273
2978 18 2245 1305
2979 7 862 2783
2980 74 2078 174
2981 170 1550 694
2982 419 2678 990
2983 3151 615 1647
2984 1144 498 2768
2985 77 64 736
2986 357 2349 1977
2987 170 2705 3152
2988 1231 357 1353
2989 3153 403 3154
2990 609 1942 400
2991 902 3155 3156
2992 418 78 871
2993 3157 3158 3159
2994 1375 2675 2990
2995 1323 17 2037
2996 1794 1007 3126
2997 1590 3160 3161
2998 1331 562 2565
2999 422 2333
3000 871 1819 2506
3001 11 3162 3163
3002 696 242 3164
3003 70 3165 2807
3004 1406 273 2604
3005 146 554 905
3006 413 3166 1537
3007 75 885 1385
3008 1524 550 2163
3009 1720 2776 3167
3010 2325 3168 1426
3011 348 639 785
3012 3169 740 258
3013 3170 3171 3172
3014 33 1837 899
3015 1539 3173
3016 1306 2219 2785
3017 66 141 1024
3018 121 76 127
3019 65 17 1602
3020 3174 3175 3176
3021 1121 419 639
3022 217 3177 3178
3023 416 921 3179
3024 225 991 1021
3025 1015 2815 615
3026 1942 569
3027 111 174 1655
3028 1924 3180 2104
3029 1776 3181 1836
3030 1581 1764 3182
3031 1388 3183
3032 211 1013 3184
3033 3185 2593 3186
3034 991 3187 2174
3035 260 13 2958
3036 3187 304 3188
3037 94 3189 1743
3038 183 3008
3039 57 2418 476
3040 1270 1241
3041 3190 3191 3192
3042 581 3193 1756
3043 233 2231
3044 91 232 731
3045 620 423 1755
3046 386 991 739
3047 1324 2674
3048 3194 3195 3196
3049 1409 1819 3197
3050 3198 3199 721
3051 690 3200 3201
3052 575 286 489
3053 3202 3203 3204
3054 549 1203 3205
3055 1902 517
3056 271 588
3057 2101 3206 3207
3058 3208 54 3209
3059 126 368 2458
3060 2460 3210 1482
3061 1763 3211 3212
3062 812 2637 1101
3063 864 236 2799
3064 183 2192 528
3065 1091 1409 2966
3066 431 222 3213
3067 2390 3214 342
3068 2627 2038 1554
3069 1581 3215
3070 645 1862 1863
3071 1789 2440 3216
3072 853 3081 3217
3073 3218 2941 3219
3074 3220 2902 3221
3075 3222 674 1976
3076 23 127 59
3077 399 3223 3224
3078 3225 3226 2189
3079 67 18 999
3080 173 1879 3227
3081 3107 3228
3082 645 2056
3083 183 2371 1686
3084 2154 751 3229
3085 342 3230 1321
3086 226 3231 3232
3087 2568 3233 3234
3088 208 258 1831
3089 809 653
3090 1072 3235
3091 1513 2019 3236
3092 312 3077 2369
3093 766 136 2237
3094 91 146 2822
3095 105 1652 1368
3096 3237 3238
3097 1147 1497 1994
3098 1385 982
3099 248 588 3239
3100 225 1054
3101 1289 956 2057
3102 3240 3241 3242
3103 717 938 3029
3104 74 1748
3105 1075 3198 1343
3106 1115 3243 3244
3107 1697 1724 3245
3108 332 182 1795
3109 262 158 2384
3110 11 95 3246
3111 3247 3248 3249
3112 994 3250
3113 3251 3252 3253
3114 950 733 1649
3115 2591 2930
3116 3254 311 2684
3117 3255 3256 893
3118 1604 3185 3257
3119 52 2451 3258
3120 724 1273 2334
3121 2310 2311 3259
3122 906 3260 2246
3123 44 2085 983
3124 3261 3262 3263
3125 2568 3264 3117
3126 431 1604 1170
3127 1083 3265 2066
3128 1662 1212 3266
3129 1161 676 482
3130 91 1794 3267
3131 1092 3268 3269
3132 216 890 812
3133 1515 3270 3271
3134 284 960
3135 1132 977 411
3136 634 1094 2516
3137 1796 3272 3273
3138 1056 1890 3274
3139 421 2649 3275
3140 3107 3276 3277
3141 407 3278 3279
3142 3228 3280 3281
3143 3282 3283 3284
3144 3285 3286 3287
3145 1550 1882 1926
3146 310 1524 2098
3147 1529 3288 2462
3148 118 2422 3289
3149 1090 3290 3291
3150 3292 3293 3294
3151 99 3295 3296
3152 396 3278
3153 3297 3298 3299
3154 1041 925 1117
3155 812 653 1913
3156 1401 2406 381
3157 12 716 69
3158 3300 3301 3302
3159 1479 3131 197
3160 191 512 248
3161 3303 3304 342
3162 3305 1196 3306
3163 1029 3307 3308
3164 543 2611 3309
3165 1646 138
3166 765 2742 1111
3167 16 463 1435
3168 11 417 1046
3169 118 575 450
3170 1152 3310 3311
3171 1323 1454 122
3172 3312 1186 3313
3173 51 2621 3314
3174 258 329 828
3175 95 542 658
3176 729 1288 1693
3177 541 740 1731
3178 1252 1652 546
3179 809 1552 2544
3180 247 741 3315
3181 235 831 237
3182 758 703 3316
3183 127 708 2194
3184 1717 1581 3317
3185 192 516 3318
3186 255 3319
3187 270 2900 1908
3188 699 3320 1299
3189 145 127 3321
3190 1231 3322 3323
3191 1489 899
3192 3324 3325 3326
3193 694 2433 938
3194 1631 3327
3195 540 194 999
3196 23 144 379
3197 555 658 1859
3198 3328 774 3329
3199 384 2283 1467
3200 27 234 3099
3201 1552 3330 3143
3202 10 1039 1020
3203 256 1512 1342
3204 674 3331 1837
3205 3332 3333 3334
3206 104 92 223
3207 333 3335 3336
3208 3337 3012 1455
3209 3338 3339 3340
3210 1410 1418 3341
3211 999 2446 3342
3212 1248 3343
3213 156 1412 3344
3214 155 3345 3346
3215 523 461 208
3216 815 3347 3348
3217 16 2080
3218 1049 3077
3219 235 593
3220 463 1747 2744
3221 628 1864 3349
3222 482 491 3090
3223 3350 2099 1792
3224 507 1507 3351
3225 3352 2836 2556
3226 16 89 122
3227 91 943 2433
3228 2115 2933 3353
3229 14 1297 3354
3230 699 2955 1099
3231 3043 3205 2132
3232 3213 3355 3356
3233 3357 3358 3359
3234 1717 1675 3360
3235 2433 521 1102
3236 191 2179
3237 831 1039 281
3238 3361 1837 3362
3239 16 242 159
3240 342 1321 3363
3241 696 32 501
3242 1583 3364 3365
3243 12 161 575
3244 603 3366 3367
3245 147 1390 217
3246 471 3368 3369
3247 2056 1593 3370
3248 402 2037 3371
3249 96 3372 3373
3250 1155 885 1562
3251 23 1156 552
3252 225 3374 3375
3253 1334 80 162
3254 18 829 141
3255 2780 2955 3285
3256 57 3376 342
3257 1371 3137 2654
3258 3377 3378 3379
3259 181 772
3260 2019 3380
3261 1047 1465
3262 3013 2213
3263 724 1263 3368
3264 1335 3381 1855
3265 622 1566 1652
3266 181 501 1075
3267 1620 673 2380
3268 991 1241
3269 145 3309
3270 3382 1991
3271 3383 3384 2369
3272 1000 1076 3385
3273 3386 3259 3387
3274 494 1401
3275 3388 654 3389
3276 2657 1167 392
3277 76 3390 3391
3278 2906 1255 2028
3279 3107 3109 3385
3280 252 788
3281 1037 1746 3392
3282 670 3393 2762
3283 307 805 1271
3284 431 1699 1794
3285 2978 1257
3286 2893 2591
3287 1946 1933
3288 171 2683 3394
3289 60 1714 2644
3290 1717 3395 3396
3291 2607 1737 3397
3292 1230 2646 721
3293 12 269 159
3294 673 3343 3398
3295 360 3399
3296 593 1005
3297 170 952 1505
3298 2567 1050 2403
3299 22 911 677
3300 848 132 1306
3301 1323 3400 3401
3302 2634 3402
3303 1458 2433 2553
3304 3403 3404 3405
3305 3406 3407 3408
3306 1041 1247
3307 3409 1277 1620
3308 580 829 601
3309 2511 2674 3410
3310 3411 2571 3412
3311 3413 3414 3415
3312 938 912 3168
3313 109 1800 3416
3314 3184 3417 3418
3315 3419 3420 3421
3316 127 2483 3205
3317 3069 3422 3423
3318 379 3424 3425
3319 3387 3426 3427
3320 2604 3428 3429
3321 1698 2686 2677
3322 1646 463 662
3323 2085 1425 2585
3324 2956 3430 3431
3325 1044 408 2104
3326 152 953 1395
3327 10 1299 1208
3328 3352 2836
3329 67 224 2257
3330 144 331 1375
3331 80 2063 3047
3332 126 1613 97
3333 186 14 1815
3334 865 1245 2754
3335 44 3432 3433
3336 3434 3435 3436
3337 3437 3438 3439
3338 609 2432 2004
3339 1145 3081
3340 4 1322 880
3341 3440 3441 3442
3342 3443 3444 3445
3343 3446 3447 3448
3344 456 2163 210
3345 3449 3450 3122
3346 181 1479
3347 1454 2199 495
3348 1566 1819 1909
3349 31 493 923
3350 3451 3452 3453
3351 96 1646
3352 541 3454
3353 2301 3455 3456
3354 318 535 805
3355 2390 733 3457
3356 2059 3458 1793
3357 1474 1479 1819
3358 2614 3459 3460
3359 805 2565 3188
3360 457 770 1363
3361 127 2786 279
3362 174 1020 3461
3363 2875 1111 3462
3364 598 1018 3463
3365 2390 539
3366 217 3464 3465
3367 912 3085 3466
3368 255 765 663
3369 16 215 92
3370 384 620
3371 2978 649
3372 75 2021 3467
3373 1902 1904 1102
3374 18 1101 399
3375 127 3468 2039
3376 363 266 1169
3377 724 1275 3469
3378 2178 3470 1516
3379 3471 3472 1994
3380 3473 3474 3475
3381 431 312 1979
3382 976 3476 3477
3383 1145 3327
3384 3478 3479 3480
3385 1738 1755 2055
3386 3481 3482 3483
3387 3484 1525 3485
3388 1664 3486 3487
3389 422 270 3488
3390 86 166
3391 50 593 3489
3392 693 1515 741
3393 217 399
3394 1560 3382 2369
3395 3490 3089 1746
3396 1460 1443 3491
3397 121 92 1375
3398 502 1664
3399 3199 601
3400 2412 3492 1014
3401 3493 3494 3495
3402 2445 488 3160
3403 3496 3497 3498
3404 1131 1662 1371
3405 2228 3499
3406 1725 1411
3407 1841 3500 3501
3408 906 1877 3315
3409 453 3502 3385
3410 388 3503 1110
3411 1163 3005 1172
3412 1400 898 899
3413 1890 1335 3154
3414 173 272 3504
3415 12 24 3505
3416 1041 3351
3417 24 80 403
3418 64 127 1528
3419 917 1209 3506
3420 513 2028 3507
3421 724 1524 2004
3422 2608 1318 3508
3423 3385 1859 3509
3424 1236 912
3425 1908 3510 3511
3426 195 1225
3427 699 669
3428 3512 3513 3514
3429 1304 119 1495
3430 571 3515 3516
3431 3517 3001 3518
3432 3519 190 3520
3433 1853 3382 3121
3434 2050 2020 3079
3435 215 2935 3521
3436 2467 2468 2469
3437 1131 3425
3438 3155 3312
3439 1853 3522
3440 3523 3307 3524
3441 1595 340
3442 3214 3525 3526
3443 4 517 2056
3444 251 2433 1460
3445 1319 3527 3528
3446 3529 3530 3531
3447 247 1123 980
3448 217 242 1170
3449 92 2474 497
3450 236 1364
3451 609 2432
3452 132 534
3453 170 142 3088
3454 3532 2059 3533
3455 3534 2242 3535
3456 584 3536 3537
3457 1489 1167 3538
3458 575 462 262
3459 55 377 1973
3460 257 3539
3461 2258 3540 3541
3462 812 2898
3463 2064 2406 2873
3464 183 694 548
3465 3285 340
3466 530 3542 3543
3467 2578 2651 2404
3468 17 3250
3469 2390 3544 2831
3470 2767 3545 3546
3471 1590 353
3472 2715 3547 1102
3473 217 3370
3474 2540 2078 1305
3475 1276 3548 3549
3476 1057 3550 3551
3477 122 1398 873
3478 3552 950 286
3479 3553 3554 3555
3480 136 1409 1980
3481 2089 495 727
3482 3556 3557 3558
3483 2185 993
3484 3559 3560 3561
3485 1688 1106 2402
3486 3562 3563 3564
3487 3005 3238 3565
3488 2396 2397 1527
3489 125 2654 951
3490 789 2267
3491 725 2
3492 1058 1202
3493 74 1401 3566
3494 31 3567 498
3495 857 676 1555
3496 111 2085
3497 3006 1296
3498 25 956 3568
3499 3569 3570 3571
3500 64 1613 3572
3501 384 3573 357
3502 648 2231 2925
3503 11 758 451
3504 2269 2921 1799
3505 280 894 3179
3506 1161 1404 3038
3507 1688 1195 3574
3508 1353 2611 2551
3509 582 3575 3576
3510 1659 2956 3577
3511 1461 3578 3579
3512 815 94 1489
3513 3580 3581 3582
3514 3583 3584 3585
3515 2637 81 2273
3516 462 1946 931
3517 3586 3587 3588
3518 609 912
3519 3589 3590 3591
3520 3592 3593 3594
3521 1490 1504 3595
3522 603 1224 866
3523 3596 3597 3598
3524 3599 3600 3601
3525 382 3602 3603
3526 2712 1721 1694
3527 1263 995
3528 823 3604 3605
3529 2875 3189 3606
3530 332 570 3607
3531 493 3507
3532 921 576 1384
3533 521 2604 2293
3534 93 3036 3608
3535 3609 1570 732
3536 740 1850 1556
3537 4 640 1058
3538 3610 3611 3612
3539 542 891
3540 501 1471 1285
3541 1159 708
3542 1049 1437
3543 262 672 1590
3544 753 1540
3545 2149 354 3613
3546 27 132 188
3547 2185 647 1795
3548 432 3614 1744
3549 1165 59
3550 2057 2957 1206
3551 211 2205
3552 1008 333
3553 2932 3615 3616
3554 270 1888
3555 148 2186 657
3556 2540 2418
3557 1915 3617 2538
3558 59 3618 1997
3559 758 1031 454
3560 225 312 392
3561 294 1700
3562 38 3619 3620
3563 1946 541
3564 995 2028 3621
3565 3622 1735
3566 118 858 3623
3567 3624 3625 3626
3568 3627 3628 3629
3569 1106 2293 3493
3570 672 999
3571 3002 3630
3572 3631 3632 3633
3573 103 223 3187
3574 2415 1622 1463
3575 328 2638 983
3576 66 952 1374
3577 2623 3484 3084
3578 3081 2462 1331
3579 2557 3634 3635
3580 194 126 874
3581 3636 1476 3637
3582 3638 3519
3583 3639 3640 3641
3584 2511 2674 3410
3585 787 1789 1305
3586 2850 1021 3239
3587 127 1306 983
3588 1984 1240
3589 3642 3643 3644
3590 24 181
3591 1122 1731 2624
3592 3645 3646 3647
3593 154 937
3594 628 1433
3595 227 1438 1620
3596 1820 1453 1474
3597 845 3648 3649
3598 1963 1336
3599 226 3043 2063
3600 3650 2000 3651
3601 432 2390 3652
3602 3653 2460 3654
3603 1427 2007 3655
3604 24 1020 3099
3605 1457 1409 1401
3606 508 1926 2369
3607 3656 3657 3658
3608 260 329 938
3609 1730 2940 3659
3610 2464 1489 122
3611 1673 3220
3612 1275 491
3613 162 1121 770
3614 2900 333 3166
3615 554 2340 3660
3616 535 136 721
3617 507 1526 1747
3618 1007 3661 2003
3619 275 908 480
3620 3662 674 357
3621 3663 3321
3622 3484 3144
3623 674 1831 1432
3624 126 2291
3625 493 1270 2262
3626 131 1133 1620
3627 1332 1316
3628 227 153
3629 3489 2868 383
3630 815 3073 3664
3631 1849 3665 3666
3632 213 919 2174
3633 440 3667 3668
3634 555 896
3635 144 60 324
3636 162 3669 2665
3637 3670 3671 3041
3638 3672 3673 3674
3639 191 1851 1481
3640 3069 701
3641 1995 2978 416
3642 533 3047 281
3643 2086 3562
3644 520 1987 3675
3645 3676 3677 3678
3646 697 671 3679
3647 3078 2274
3648 3680 3393 3681
3649 3005 3682 3499
3650 501 1489 3478
3651 3683 3684 3685
3652 3110 120
3653 432 3686 3479
3654 355 1562 2293
3655 3687 3688 3689
3656 1394 414 3690
3657 876 2020 2954
3658 3691 3692 3693
3659 2660 1707
3660 235 1304 464
3661 746 3694 3695
3662 37 54 3696
3663 1662 856
3664 1652 1091 1350
3665 258 828 2866
3666 691 2905
3667 1995 1291 3646
3668 3686 1744 3480
3669 3697 1010 3698
3670 2534 1082 1320
3671 1984 383
3672 1759 2667 3699
3673 165 2785 1947
3674 3700 3701 3702
3675 3124 3703 3704
3676 660 2307 1775
3677 1456 912
3678 3705 3706 3707
3679 463 136 641
3680 575 384 2126
3681 222 2525 1378
3682 2873 3708 3709
3683 1400 2999 3710
3684 1604 1728 3711
3685 521 923 2309
3686 800 973 3712
3687 1924 3713 3714
3688 1550 546 2213
3689 2662 3138 1432
3690 126 3715 3716
3691 1529 1140 2417
3692 155 3183
3693 31 416 1867
3694 1115 1003 1068
3695 16 3164 1265
3696 252 3717
3697 3187 2196
3698 2674 3718 3719
3699 17 391 2210
3700 531 85 1790
3701 1596 3720 3721
3702 2525 1833 2074
3703 14 1380 1119
3704 3100 836
3705 2510 3722 2535
3706 1314 3015
3707 627 908 3723
3708 1656 1100 368
3709 1986 406 1431
3710 3724 3725 1321
3711 971 1888 3726
3712 3727 3728 3685
3713 131 672 114
3714 257 259 3729
3715 50 254 2021
3716 1072 2133 3235
3717 704 3053
3718 3435 396
3719 1620 1380 3238
3720 2076 3730 1265
3721 480 3731 3732
3722 3733 3734 3735
3723 1203 1075 595
3724 3736 3737 3738
3725 3478 3739 2379
3726 859 3740 3741
3727 1179 2433 1043
3728 3742 1172 3743
3729 2917 3744 3745
3730 102 765 3746
3731 152 187 324
3732 1831 3747 3748
3733 1561 2185 1409
3734 2502 3656 3217
3735 3656 3749 3065
3736 1457 2603
3737 3750 3751 3752
3738 885 1335 3753
3739 212 1359 2176
3740 3754 3227
3741 453 3092 1297
3742 3755 1883
3743 1000 2974 3175
3744 141 1264
3745 3756 3757 3758
3746 1620 3066
3747 1559 1135
3748 217 2229 3015
3749 1454 70 3759
3750 146 554
3751 2268 3760 3380
3752 1955 3761
3753 225 577 1275
3754 4 640 1280
3755 3002 3762 3630
3756 1451 3763 3764
3757 923 1976
3758 866 2403 3173
3759 2349 2860 3765
3760 152 1806
3761 2268 602 309
3762 604 1152 602
3763 18 462
3764 2843 3766 2340
3765 771 2613 3767
3766 3148 1452
3767 3048 3768 3769
3768 3770 1524 2396
3769 3771 2726 3772
3770 1481 3346
3771 865 3077 1920
3772 1664 2410 3773
3773 504 2325 1755
3774 1230 740 3774
3775 295 371 2727
3776 2028 3775 3776
3777 38 158 203
3778 1662 3777 3778
3779 2510 1698 3779
3780 1513 2850
3781 2994 1658 3780
3782 2990 3781 3782
3783 911 400 2667
3784 70 3783 1540
3785 1339 3685
3786 1135 1583 3784
3787 3785 3786 3787
3788 1370 3788
3789 488 3264
3790 3789 3790 3791
3791 3254 3792 3793
3792 3794 3795 3796
3793 3797 3798 3799
3794 2917 3800
3795 3801 3802 3803
3796 1529 937 2463
3797 1367 1240
3798 3638 3804 3276
3799 2463 3805 3806
3800 2410 3807 3808
3801 2510 3809 2762
3802 3217 3810 3811
3803 1529 3609 1140
3804 1380 3238 1997
3805 205 1303
3806 3812 3813 3814
3807 3815 3816 3817
3808 3340 3818 3819
3809 3765 678 3666
3810 3449 1609 3820
3811 2308 2647 2307
3812 99 251 766
3813 3457 2378 3821
3814 1596 1443
3815 191 542 2281
3816 531 1169 3822
3817 3823 3824 3825
3818 332 14 2611
3819 1412 415 3826
3820 33 3827 3828
3821 2085 1984
3822 2476 758 3829
3823 55 761 3830
3824 3831 3832 3833
3825 2044 3834 3835
3826 670 3538 2532
3827 3443 3245 650
3828 721 3385 3836
3829 1805 1467 3837
3830 725 159 3838
3831 1255 276 1474
3832 122 2690
3833 1058 2611
3834 257 39 231
3835 429 856 3839
3836 3840 1116 320
3837 44 831 1039
3838 302 906
3839 766 246 2777
3840 791 2738 3688
3841 645 2847 3210
3842 1671 1946 551
3843 577 1778 3841
3844 3842 3843
3845 3844 3845 3846
3846 1560 3084 128
3847 1550 156 1324
3848 3345 3728
3849 3847 3848 3849
3850 1963 2517 2257
3851 3850 3851 3852
3852 3853 3517 3854
3853 275 214 1512
3854 3855 1719 3856
3855 3857 3858 3859
3856 1370 3860 3861
3857 3005 3862 1321
3858 3863 3864 3865
3859 3779 3866 3867
3860 1122 3243 2785
3861 3134 240 3868
3862 1761 3869
3863 3870 2572 3871
3864 3872 3873 3874
3865 2439 2934 2619
3866 2852 3875 2470
3867 3876 3217 3877
3868 3878 3879 3880
3869 2093 1260 1008
3870 226 3881 3882
3871 603 3185
3872 3883 3884 3885
3873 3886 3237 3243
3874 360 3835
3875 2528 1107 3035
3876 2695 3887 3888
3877 16 11 1513
3878 598 1805 3889
3879 457 1516 1831
3880 2383 3890 3891
3881 160 371 2018
3882 3892 3893 3894
3883 3895 3896 3897
3884 67 1712
3885 76 1404 3898
3886 111 695 672
3887 3899 3831 3900
3888 3507 3901 3454
3889 2647 957 557
3890 1249 1732 3902
3891 260 541 33
3892 3903 3904 3905
3893 3906 3907 3908
3894 3909 3910 3911
3895 3912 1001 3913
3896 40 80 1094
3897 699 3468 3914
3898 969 3726 292
3899 329 1771 2294
3900 3357 3915 3916
3901 1009 2667
3902 3622 3917 818
3903 716 2204 3918
3904 939 1502 1177
3905 2657 3919 3920
3906 103 65 1727
3907 2779 2347
3908 3921 3922 3923
3909 152 1039 3924
3910 919 3300 3925
3911 3377 464 3926
3912 3761 3927 3928
3913 305 1621 3929
3914 3930 3931 2492
3915 2293 3932 3933
3916 1726 1436 2645
3917 3934 3935 3936
3918 1343 2213 2499
3919 118 21
3920 1513 1133 1298
3921 3937 3657 3938
3922 1299 649 3024
3923 2509 2590 83
3924 1203 2179 517
3925 191 1575 1701
3926 913 739 1482
3927 96 1046 3939
3928 1365 669 1299
3929 2546 3940 3941
3930 3942 3943 3944
3931 1871 1401
3932 3726 3655 3945
3933 59 1287 2442
3934 32 2781 3946
3935 2852 3686 3687
3936 42 3947 839
3937 1596 3938
3938 1664 1465 2921
3939 20 3029 1266
3940 80 1008 1482
3941 1041 2433
3942 3948 3946
3943 3080 780 1979
3944 3949 3950 3951
3945 2308 2199
3946 3623 2595
3947 212 3952 2957
3948 37 1375 406
3949 3953 1981 852
3950 2557 2413
3951 672 680 3663
3952 3954 3955 3728
3953 3656 3727 3286
3954 3079 3956 742
3955 2283 3753
3956 2308 2813 3788
3957 3957 3958 3959
3958 3960 3961 3962
3959 125 2463 3963
3960 3424 3581
3961 1717 3964 3965
3962 70 3241
3963 2213 1384 1969
3964 3966 3967 3968
3965 2823 3954 3685
3966 3969 3970 3971
3967 3972 3973 3974
3968 111 1195 2085
3969 1115 2998 2753
3970 1853 3382 3975
3971 499 2776 3976
3972 3700 3977 3978
3973 1864 1194
3974 497 1353 423
3975 1524 3979 3902
3976 674 3670 703
3977 3980 3981 3982
3978 1062 2572 3186
3979 137 621
3980 787 1652 3165
3981 2 2917
3982 3983 3984 3985
3983 256 1664 1358
3984 3124 3703
3985 208 3539 2407
3986 1425 3462
3987 286 3986 3987
3988 333 3988 3989
3989 169 2004 2247
3990 2784 3990 3991
3991 3013 3114 3484
3992 3992 3993 3994
3993 3995 3996 3997
3994 493 740 1926
3995 2949 546 1746
3996 3998 2295 2366
3997 1110 3999 4000
3998 1668 3120 4001
3999 4002 4003 4004
4000 3722 3724
4001 4005 4006 4007
4002 35 4008 4009
4003 4010 3809 4011
4004 103 223 980
4005 1252 670 1157
4006 2781 4012
4007 80 545 1731
4008 1100 406 913
4009 333 3256 3988
4010 4013 4014 4015
4011 70 829 1350
4012 3519 4016 4017
4013 1253 2265
4014 634 4018 3617
4015 998 4019 3554
4016 4020 4021 4022
4017 2078 912 2358
4018 228 3385
4019 1398 2699
4020 261 4023 4024
4021 800 764 3079
4022 2586 1048 3291
4023 4025 39 4026
4024 3174 4027 2413
4025 284 938 663
4026 4028 3697 3740
4027 1058 1574 2089
4028 208 3199 1632
4029 1334 80 1247
4030 4029 4030 4031
4031 260 204 853
4032 1933 2023 4032
4033 4033 2739 4029
4034 4034 4035 4036
4035 2647 1467 4037
4036 2509 547
4037 96 1727 2528
4038 669 1541 4038
4039 4039 4040 4041
4040 3800 3435 4042
4041 4043 4044 4045
4042 4046 4047 4048
4043 3770 3134 4049
4044 3948 2823 4050
4045 4051 4052 4053
4046 2433 968
4047 530 4010 2654
4048 4054 1313
4049 72 3682 4055
4050 3522 4056 4057
4051 519 855 937
4052 2032 1406 3114
4053 4058 4059 1321
4054 636 553 485
4055 2994 921 3149
4056 4060 4061 4062
4057 1165 230 1724
4058 1203 570 4063
4059 782 4064 4065
4060 4066 4067 4068
4061 4069 4070 4071
4062 4072 4073 4074
4063 13 319
4064 2685 4075 4076
4065 2622 887 4077
4066 225 3755 1262
4067 299 2226
4068 4054 4078 1313
4069 23 4079
4070 1202 662 1009
4071 417 1652 2174
4072 1575 3458 4080
4073 1584 4081 4082
4074 575 2649 1540
4075 2384 1184 3020
4076 919 1426 128
4077 943 1359 3549
4078 17 3019
4079 784 1106 4083
4080 4084 3488 4085
4081 3139 761 1030
4082 4086 4087 4088
4083 4089 3835 4090
4084 1725 1604
4085 4091 4092 4093
4086 4094 3547
4087 4095 2268 3114
4088 966 1216 974
4089 624 1173 4096
4090 4097 4098 4099
4091 70 4100 557
4092 4101 3947 4102
4093 740 4103 4104
4094 3125 557 851
4095 4105 4106 4107
4096 2567 1895
4097 4108 4109 4110
4098 2257 1037 371
4099 4111 128 4112
4100 503 3123
4101 1664 3458
4102 109 161 866
4103 94 3382
4104 4113 4114 4115
4105 3231 4116
4106 953 3925 451
4107 2509 1322 4117
4108 3989 4118 4119
4109 4120 4121 4122
4110 3210 1805
4111 1720 2417 4123
4112 1070 2354
4113 523 2009 527
4114 32 2781 1531
4115 2789 2525 1783
4116 1636 2512
4117 4124 4125 4126
4118 753 1975 3503
4119 4127 2564 4128
4120 203 674 1353
4121 4129 4130 4131
4122 3076 4132 4133
4123 12 2229 1504
4124 866 513 1840
4125 2517 2306 2578
4126 2306 4134 3152
4127 1614 4135 4136
4128 3924 4137 3603
4129 2283 4138 4139
4130 2173 3771
4131 2564 4140
4132 4141 4142 4143
4133 923 2973 1110
4134 4144 2008 2593
4135 784 2218
4136 4145 2161 4146
4137 4147 4148 4149
4138 125 992 4150
4139 1311 3314 2727
4140 1398 2474 137
4141 3377 2441 1001
4142 2994 4151 2409
4143 1505 3956 4152
4144 3556 4153
4145 4154 4155 4156
4146 40 29 509
4147 837 1523
4148 4157 4158 4159
4149 1842 4160 1105
4150 1165 1242
4151 2045 4161 4162
4152 362 4163 4164
4153 4094 865
4154 652 2789 771
4155 4165 4166 4167
4156 4168 4169 4170
4157 400 4171 4172
4158 667 2458
4159 166 3226 4173
4160 2237 803
4161 515 1649 3466
4162 4174 4175 4176
4163 4177 4178 4179
4164 4180 4181 4182
4165 205 364
4166 4183 4184 4185
4167 40 205 2237
4168 3547 4135
4169 4186 4187 4188
4170 4146 4189 4190
4171 4146 4191 4192
4172 2668 4193 1482
4173 938 2325 596
4174 3503 2005 2567
4175 40 1371 805
4176 3539 2286 3753
4177 1202 1303 197
4178 92 716 4194
4179 4195 4196 4197
4180 107 4198 4199
4181 1274 2361 4200
4182 1165 1574
4183 1378 4152 4201
4184 2553 1981
4185 4202 2025
4186 3818 3819
4187 4203 4204 4205
4188 961 675 910
4189 111 270
4190 969 593 669
4191 3368 1275 2009
4192 4206 4116 4207
4193 2508 2582 4208
4194 2345 4117 4209
4195 1926 2694
4196 4210 4211 4212
4197 4213 4214 4215
4198 1151 4216 4217
4199 50 4218 4219
4200 92 1364 2595
4201 4220 4221 4222
4202 4165 4223 4224
4203 4225 4226 4227
4204 315 4228 4229
4205 4230 4231 4148
4206 576 273 1482
4207 811 4232 4233
4208 233 709 4234
4209 4235 4236 4237
4210 3208 1592 647
4211 4238 4239 4240
4212 1164 1741
4213 3847 4241 4242
4214 4243 837 4244
4215 2256 1770
4216 3455 4245 4246
4217 3124 2741
4218 1131 4247 2157
4219 2762 3004 529
4220 1085 967 2785
4221 4248 2587 4249
4222 2465 3246 2901
4223 815 829 771
4224 141 620 2046
4225 2251 3503 3020
4226 3964 4250 4251
4227 2056 1028
4228 1970 4079
4229 530 1276 1577
4230 2199 1270 2783
4231 2481 4252 4253
4232 4254 4255 4256
4233 3434 3856
4234 1202 2694 4257
4235 2248 2756 4258
4236 360 609 2004
4237 2075 2039 4259
4238 4260 2549 4261
4239 4262 4263 4264
4240 2841 3322 4265
4241 1359 2475
4242 4266 4267 4268
4243 4269 4270 4271
4244 2086 1984 2864
4245 961 1071
4246 4272 4273 4274
4247 4275 1711 1992
4248 3008 1920 2351
4249 305 2068
4250 4276 4277 4278
4251 400 786
4252 2604 1602 2460
4253 4279 4280 4281
4254 4282 4283 4284
4255 10 4285 4286
4256 4287 4288 4289
4257 2868 1108
4258 4290 4291 4292
4259 4293 117 4294
4260 1041 4295 4296
4261 4297 4298 4299
4262 1561 598
4263 4300 4301 4302
4264 4303 4304 4305
4265 4243 4306 4307
4266 4308 4309 4310
4267 2268 4311 4312
4268 4313 4314 4315
4269 69 2192 2257
4270 4193 1411 4316
4271 4317 4318 4319
4272 4320 4321 4322
4273 4323 4324 1348
4274 1649 4320
4275 4325 2215 4326
4276 950 2244 4327
4277 2330 392 968
4278 4328 4329 4330
4279 4331 4332 4333
4280 4334 568 4335
4281 4208 3881 4336
4282 1277 2086 4337
4283 1241 2075
4284 3622 4338 4339
4285 3664 4340 4341
4286 3711 1551 3533
4287 717 761 1675
4288 4342 4343 4344
4289 4345 4346 4347
4290 2949 766 4348
4291 3187 115
4292 4349 4350 4351
4293 4352 4353 4354
4294 4355 4356 4357
4295 541 4358 4359
4296 516 4360 4361
4297 4362 4363 4364
4298 4365 4366 4367
4299 122 4368
4300 716 4095 2611
4301 4095 1202 3093
4302 4369 4370 4371
4303 4372 3699 4373
4304 4374 4375 4376
4305 4377 1791 4378
4306 4095 939 4379
4307 820 4380 4381
4308 4382 4383 4384
4309 2637 1482
4310 2649 1745
4311 1252 4385 4386
4312 4387 2812 3614
4313 4388 4389 4390
4314 1078 4391 4392
4315 2432 2382
4316 4388 4389 4390
4317 331 2256 2366
4318 4393 4394 4395
4319 4396 1441 4397
4320 4398 4399 4400
4321 2474 3392 4401
4322 1510 1674
4323 4402 4403 4404
4324 1608 4405 2363
4325 4406 4407 4408
4326 4409 4410 4411
4327 1150 4359
4328 4412 4413 4414
4329 4415 4416 4417
4330 3078 1497
4331 4418 4419 4420
4332 4421 4422 4423
4333 675 201 2916
